1 0.6731007099151611
2 0.6681274771690369
3 0.6633942127227783
4 0.6589954495429993
5 0.6549884080886841
6 0.6510397791862488
7 0.647221565246582
8 0.6434990763664246
9 0.6397686004638672
10 0.636073112487793
11 0.6321770548820496
12 0.6280840635299683
13 0.6237605810165405
14 0.6191844940185547
15 0.614149272441864
16 0.6086104512214661
17 0.6027874946594238
18 0.596814751625061
19 0.5906069278717041
20 0.5841266512870789
21 0.5774824023246765
22 0.5707669854164124
23 0.5639240145683289
24 0.5570484399795532
25 0.5501387715339661
26 0.5430830717086792
27 0.536090612411499
28 0.5290775895118713
29 0.5219431519508362
30 0.5150237679481506
31 0.5080437660217285
32 0.5008724331855774
33 0.4935022294521332
34 0.48624473810195923
35 0.47895318269729614
36 0.4716338515281677
37 0.46434128284454346
38 0.45640599727630615
39 0.44831836223602295
40 0.44036680459976196
41 0.4327205419540405
42 0.4249047636985779
43 0.4169381558895111
44 0.4088144898414612
45 0.4006217122077942
46 0.39281579852104187
47 0.3853023052215576
48 0.3780152201652527
49 0.3713672161102295
50 0.364399790763855
51 0.3570084273815155
52 0.3497718572616577
53 0.34320709109306335
54 0.3369157910346985
55 0.3312795162200928
56 0.32544970512390137
57 0.32019028067588806
58 0.3151549994945526
59 0.3103775680065155
60 0.3049069941043854
61 0.2993134558200836
62 0.2940513491630554
63 0.2907620668411255
64 0.28817200660705566
65 0.2859099805355072
66 0.2825354337692261
67 0.27860844135284424
68 0.27575427293777466
69 0.273650586605072
70 0.2707676887512207
71 0.26880690455436707
72 0.26582780480384827
73 0.263874351978302
74 0.2632428705692291
75 0.26037225127220154
76 0.25761154294013977
77 0.2559141516685486
78 0.2526470422744751
79 0.2520926892757416
80 0.25197723507881165
81 0.2503546476364136
82 0.24851077795028687
83 0.2465071678161621
84 0.24590420722961426
85 0.24407489597797394
86 0.24343302845954895
87 0.2425643354654312
88 0.24097837507724762
89 0.23849479854106903
90 0.23747585713863373
91 0.23842917382717133
92 0.23955407738685608
93 0.23706282675266266
94 0.2341199666261673
95 0.2334441840648651
96 0.23408304154872894
97 0.23302292823791504
98 0.2324480265378952
99 0.231115460395813
100 0.22978323698043823
101 0.230217844247818
102 0.23019714653491974
103 0.2325541377067566
104 0.22941793501377106
105 0.22728309035301208
106 0.22746272385120392
107 0.22827790677547455
108 0.22827111184597015
109 0.22707217931747437
110 0.22602365911006927
111 0.22484567761421204
112 0.22796206176280975
113 0.22557279467582703
114 0.22265006601810455
115 0.2242019772529602
116 0.22454778850078583
117 0.22465087473392487
118 0.22383858263492584
119 0.223876491189003
120 0.2229735553264618
121 0.22220410406589508
122 0.21998338401317596
123 0.22019021213054657
124 0.22141599655151367
125 0.22241654992103577
126 0.2228413224220276
127 0.2207980751991272
128 0.21991188824176788
129 0.22009965777397156
130 0.21888688206672668
131 0.21971523761749268
132 0.22016611695289612
133 0.22050051391124725
134 0.21937638521194458
135 0.21774399280548096
136 0.21650436520576477
137 0.2175561934709549
138 0.21774810552597046
139 0.21747732162475586
140 0.21592099964618683
141 0.21491359174251556
142 0.2151295244693756
143 0.2171594351530075
144 0.2162504494190216
145 0.2136579304933548
146 0.21473440527915955
147 0.21557392179965973
148 0.21600976586341858
149 0.2137068212032318
150 0.21175315976142883
151 0.2139376997947693
152 0.21440380811691284
153 0.21387101709842682
154 0.21324121952056885
155 0.21339668333530426
156 0.21293959021568298
157 0.21185466647148132
158 0.21230269968509674
159 0.2119906097650528
160 0.2127532660961151
161 0.21385952830314636
162 0.21285679936408997
163 0.2090291976928711
164 0.208253875374794
165 0.21038517355918884
166 0.2127954214811325
167 0.21176475286483765
168 0.20725174248218536
169 0.20832613110542297
170 0.2090533822774887
171 0.210618793964386
172 0.21071025729179382
173 0.2090080827474594
174 0.20835529267787933
175 0.21032088994979858
176 0.21012471616268158
177 0.20698228478431702
178 0.20600725710391998
179 0.20712459087371826
180 0.20873205363750458
181 0.20707254111766815
182 0.2065756916999817
183 0.2069249302148819
184 0.2070329785346985
185 0.2073313444852829
186 0.20605553686618805
187 0.20451369881629944
188 0.20902085304260254
189 0.20668871700763702
190 0.2056523710489273
191 0.20376372337341309
192 0.20482556521892548
193 0.20580019056797028
194 0.20619142055511475
195 0.20564281940460205
196 0.2042756825685501
197 0.20349396765232086
198 0.20620642602443695
199 0.20453153550624847
200 0.2038855254650116
201 0.20475904643535614
202 0.20541569590568542
203 0.2044433355331421
204 0.20338775217533112
205 0.2040136307477951
206 0.20343251526355743
207 0.20555031299591064
208 0.20445957779884338
209 0.20341379940509796
210 0.20405811071395874
211 0.20397980511188507
212 0.20238985121250153
213 0.20263637602329254
214 0.20203566551208496
215 0.20349889993667603
216 0.20471738278865814
217 0.20305337011814117
218 0.2028280645608902
219 0.2025444358587265
220 0.201257586479187
221 0.2028103917837143
222 0.20350393652915955
223 0.20069639384746552
224 0.19991172850131989
225 0.2002231776714325
226 0.2024376094341278
227 0.20221419632434845
228 0.19974671304225922
229 0.20120662450790405
230 0.20148254930973053
231 0.19940751791000366
232 0.20131918787956238
233 0.20087304711341858
234 0.20147249102592468
235 0.20061665773391724
236 0.2009366899728775
237 0.20006226003170013
238 0.20013472437858582
239 0.20107243955135345
240 0.19850070774555206
241 0.19779622554779053
242 0.20004068315029144
243 0.20005419850349426
244 0.19774611294269562
245 0.19946524500846863
246 0.19810958206653595
247 0.19772233068943024
248 0.1972416341304779
249 0.19998975098133087
250 0.19755107164382935
251 0.1986791491508484
252 0.19695289433002472
253 0.19578048586845398
254 0.1969403773546219
255 0.19617396593093872
256 0.19705788791179657
257 0.19712093472480774
258 0.19583457708358765
259 0.19652526080608368
260 0.1960465908050537
261 0.19417178630828857
262 0.19348712265491486
263 0.1946903020143509
264 0.19509656727313995
265 0.19485703110694885
266 0.19697868824005127
267 0.19417735934257507
268 0.19549143314361572
269 0.1938609629869461
270 0.19369089603424072
271 0.19393932819366455
272 0.19588415324687958
273 0.1930128037929535
274 0.19424761831760406
275 0.1957128643989563
276 0.1935284435749054
277 0.19350504875183105
278 0.19313092529773712
279 0.19475866854190826
280 0.19130928814411163
281 0.19226369261741638
282 0.1930791288614273
283 0.1944461464881897
284 0.19366422295570374
285 0.19111517071723938
286 0.19251516461372375
287 0.19185663759708405
288 0.191060408949852
289 0.1920061707496643
290 0.19031459093093872
291 0.1925865262746811
292 0.19119350612163544
293 0.18973566591739655
294 0.19061028957366943
295 0.19133609533309937
296 0.19233883917331696
297 0.1916356384754181
298 0.19250918924808502
299 0.19095250964164734
300 0.18913070857524872
301 0.1905238926410675
302 0.19246497750282288
303 0.1922992616891861
304 0.1875753104686737
305 0.1905430555343628
306 0.19060590863227844
307 0.1916501522064209
308 0.18740154802799225
309 0.189128115773201
310 0.18911206722259521
311 0.1898331493139267
312 0.18884138762950897
313 0.19058223068714142
314 0.1878282129764557
315 0.18926411867141724
316 0.188901886343956
317 0.19101794064044952
318 0.1885024458169937
319 0.18831083178520203
320 0.18916626274585724
321 0.18915772438049316
322 0.18699263036251068
323 0.18722914159297943
324 0.18968774378299713
325 0.1874665915966034
326 0.18773627281188965
327 0.18885628879070282
328 0.18967312574386597
329 0.18617817759513855
330 0.1887824684381485
331 0.188360795378685
332 0.18414604663848877
333 0.18599902093410492
334 0.18896426260471344
335 0.18608707189559937
336 0.1893020123243332
337 0.1870690882205963
338 0.18610352277755737
339 0.18509767949581146
340 0.18671302497386932
341 0.18609397113323212
342 0.18434424698352814
343 0.183669775724411
344 0.1856880784034729
345 0.18754994869232178
346 0.1849115937948227
347 0.18733978271484375
348 0.1834641844034195
349 0.18689367175102234
350 0.18750961124897003
351 0.18474815785884857
352 0.18470491468906403
353 0.18581029772758484
354 0.18496933579444885
355 0.1860961616039276
356 0.18199267983436584
357 0.1850702315568924
358 0.18528562784194946
359 0.18367747962474823
360 0.18586163222789764
361 0.1851223260164261
362 0.18731656670570374
363 0.18253740668296814
364 0.18571186065673828
365 0.18424545228481293
366 0.18647520244121552
367 0.18311868607997894
368 0.18622718751430511
369 0.1849355250597
370 0.18367193639278412
371 0.18496383726596832
372 0.18611133098602295
373 0.1839032620191574
374 0.18245860934257507
375 0.18457871675491333
376 0.1875796616077423
377 0.18435221910476685
378 0.18226024508476257
379 0.1844225972890854
380 0.1839650273323059
381 0.1832263320684433
382 0.18165919184684753
383 0.18424397706985474
384 0.1843455731868744
385 0.18450339138507843
386 0.18375125527381897
387 0.18351683020591736
388 0.18398019671440125
389 0.18251240253448486
390 0.18222308158874512
391 0.1822567731142044
392 0.18545280396938324
393 0.1821357160806656
394 0.18144828081130981
395 0.1844579428434372
396 0.18163500726222992
397 0.1821659505367279
398 0.1849631369113922
399 0.18195246160030365
400 0.18312765657901764
401 0.17930807173252106
402 0.1815050095319748
403 0.18238595128059387
404 0.1826981157064438
405 0.18226808309555054
406 0.18579749763011932
407 0.17970025539398193
408 0.18389269709587097
409 0.18178556859493256
410 0.18196053802967072
411 0.18187952041625977
412 0.18356634676456451
413 0.18230412900447845
414 0.18116623163223267
415 0.18102827668190002
416 0.1845732182264328
417 0.18316031992435455
418 0.180264413356781
419 0.18517136573791504
420 0.18340374529361725
421 0.17807914316654205
422 0.1805516481399536
423 0.1842578649520874
424 0.18390344083309174
425 0.17803804576396942
426 0.1824323683977127
427 0.18337392807006836
428 0.18091319501399994
429 0.18327416479587555
430 0.18085309863090515
431 0.1780577301979065
432 0.18203534185886383
433 0.18139192461967468
434 0.18291650712490082
435 0.1774640679359436
436 0.1827441304922104
437 0.18155774474143982
438 0.1796959936618805
439 0.18181540071964264
440 0.17906633019447327
441 0.18232060968875885
442 0.18354208767414093
443 0.17860615253448486
444 0.18235526978969574
445 0.1829107701778412
446 0.17737814784049988
447 0.18318715691566467
448 0.18296201527118683
449 0.18039952218532562
450 0.17857995629310608
451 0.1822843998670578
452 0.17866775393486023
453 0.17867760360240936
454 0.18130327761173248
455 0.17973415553569794
456 0.1799093633890152
457 0.18437731266021729
458 0.17963851988315582
459 0.18338538706302643
460 0.1794130802154541
461 0.17789237201213837
462 0.18092983961105347
463 0.1792484074831009
464 0.1818164587020874
465 0.1804196834564209
466 0.18173111975193024
467 0.1820274293422699
468 0.18221300840377808
469 0.18293994665145874
470 0.18367725610733032
471 0.18081067502498627
472 0.17884467542171478
473 0.18490555882453918
474 0.18016374111175537
475 0.18044430017471313
476 0.18123787641525269
477 0.17882974445819855
478 0.1833212822675705
479 0.18207406997680664
480 0.17985042929649353
481 0.1781216412782669
482 0.18214793503284454
483 0.1780492663383484
484 0.17946107685565948
485 0.18250198662281036
486 0.17847727239131927
487 0.18002158403396606
488 0.1780906766653061
489 0.18367089331150055
490 0.18010035157203674
491 0.17997945845127106
492 0.18351653218269348
493 0.1822398602962494
494 0.1791647970676422
495 0.18102888762950897
496 0.17975692451000214
497 0.18180473148822784
498 0.1804196834564209
499 0.18058928847312927
500 0.18122145533561707
