1 0.7218710780143738
2 0.7226296067237854
3 0.7226296067237854
4 0.7226296067237854
5 0.7226296067237854
6 0.7226296067237854
7 0.7226296067237854
8 0.7226296067237854
9 0.7226296067237854
10 0.7228824496269226
11 0.7228824496269226
12 0.7228824496269226
13 0.7228824496269226
14 0.7228824496269226
15 0.7228824496269226
16 0.7228824496269226
17 0.7228824496269226
18 0.7228824496269226
19 0.7228824496269226
20 0.7228824496269226
21 0.7231352925300598
22 0.7231352925300598
23 0.7254108786582947
24 0.7254108786582947
25 0.7261694073677063
26 0.7274336218833923
27 0.7256637215614319
28 0.7274336218833923
29 0.7527180910110474
30 0.7565107345581055
31 0.7646017670631409
32 0.7663716673851013
33 0.7694058418273926
34 0.7782553434371948
35 0.7919089794158936
36 0.7989886403083801
37 0.8030341267585754
38 0.8111251592636108
39 0.8131479024887085
40 0.8192161917686462
41 0.8219974637031555
42 0.8204804062843323
43 0.8212389349937439
44 0.8194690346717834
45 0.8182048201560974
46 0.8187105059623718
47 0.8179519772529602
48 0.8187105059623718
49 0.8235145211219788
50 0.8230088353157043
51 0.8262958526611328
52 0.8290771245956421
53 0.8321112394332886
54 0.8343868255615234
55 0.8376738429069519
56 0.8452591896057129
57 0.8525916337966919
58 0.8551201224327087
59 0.8551201224327087
60 0.8551201224327087
61 0.856637179851532
62 0.8586599230766296
63 0.8619468808174133
64 0.8634639978408813
65 0.8670037984848022
66 0.8682680130004883
67 0.8707964420318604
68 0.8675094842910767
69 0.8718078136444092
70 0.8745891451835632
71 0.880404531955719
72 0.8798988461494446
73 0.8783817887306213
74 0.8793931603431702
75 0.8778761029243469
76 0.8814159035682678
77 0.883185863494873
78 0.8821744918823242
79 0.883185863494873
80 0.8834387063980103
81 0.8814159035682678
82 0.8821744918823242
83 0.8819215893745422
84 0.8821744918823242
85 0.8826801776885986
86 0.883185863494873
87 0.8854614496231079
88 0.8862199783325195
89 0.8844500780105591
90 0.8841972351074219
91 0.8841972351074219
92 0.8847029209136963
93 0.8864728212356567
94 0.886725664138794
95 0.8857142925262451
96 0.8854614496231079
97 0.8864728212356567
98 0.8852086067199707
99 0.886725664138794
100 0.8869785070419312
101 0.8874841928482056
102 0.8869785070419312
103 0.8872313499450684
104 0.8884955644607544
105 0.8887484073638916
106 0.889254093170166
107 0.8902654647827148
108 0.8907711505889893
109 0.8900126218795776
110 0.8925411105155945
111 0.8986093401908875
112 0.9008849263191223
113 0.9021492004394531
114 0.9021492004394531
115 0.903160572052002
116 0.9008849263191223
117 0.904424786567688
118 0.905689001083374
119 0.9054361581802368
120 0.9059418439865112
121 0.9082174301147461
122 0.9099873304367065
123 0.913274347782135
124 0.9122629761695862
125 0.9125158190727234
126 0.9127686619758606
127 0.9142857193946838
128 0.9165613055229187
129 0.9158027768135071
130 0.9158027768135071
131 0.9168141484260559
132 0.9158027768135071
133 0.9175726771354675
134 0.9173198342323303
135 0.9152970910072327
136 0.9185840487480164
137 0.9173198342323303
138 0.9183312058448792
139 0.9152970910072327
140 0.9150442481040955
141 0.9185840487480164
142 0.9173198342323303
143 0.9168141484260559
144 0.9183312058448792
145 0.9163084626197815
146 0.9188368916511536
147 0.9203540086746216
148 0.9201011657714844
149 0.920859694480896
150 0.9163084626197815
151 0.920859694480896
152 0.9180783629417419
153 0.9185840487480164
154 0.9211125373840332
155 0.9183312058448792
156 0.9206068515777588
157 0.9175726771354675
158 0.9198483228683472
159 0.9213653802871704
160 0.922123908996582
161 0.9216182231903076
162 0.9216182231903076
163 0.9228824377059937
164 0.9195954203605652
165 0.9211125373840332
166 0.9201011657714844
167 0.9223767518997192
168 0.9226295948028564
169 0.9223767518997192
170 0.920859694480896
171 0.9218710660934448
172 0.9218710660934448
173 0.9223767518997192
174 0.9228824377059937
175 0.9246523380279541
176 0.9233881235122681
177 0.9218710660934448
178 0.9228824377059937
179 0.9228824377059937
180 0.922123908996582
181 0.9228824377059937
182 0.922123908996582
183 0.9228824377059937
184 0.9226295948028564
185 0.9226295948028564
186 0.9233881235122681
187 0.9231352806091309
188 0.9228824377059937
189 0.9231352806091309
190 0.9233881235122681
191 0.9228824377059937
192 0.9236409664154053
193 0.9236409664154053
194 0.9233881235122681
195 0.9226295948028564
196 0.9228824377059937
197 0.9226295948028564
198 0.9231352806091309
199 0.9223767518997192
200 0.9218710660934448
201 0.9226295948028564
202 0.9233881235122681
203 0.9223767518997192
204 0.922123908996582
205 0.9223767518997192
206 0.922123908996582
207 0.9233881235122681
208 0.9231352806091309
209 0.9223767518997192
210 0.9228824377059937
211 0.9233881235122681
212 0.922123908996582
213 0.9228824377059937
214 0.9226295948028564
215 0.9226295948028564
216 0.9233881235122681
217 0.9228824377059937
218 0.9236409664154053
219 0.9236409664154053
220 0.9238938093185425
221 0.9228824377059937
222 0.9238938093185425
223 0.9238938093185425
224 0.9238938093185425
225 0.9233881235122681
226 0.9238938093185425
227 0.9241466522216797
228 0.9251580238342285
229 0.9256637096405029
230 0.9249051809310913
231 0.9231352806091309
232 0.9249051809310913
233 0.9254108667373657
234 0.9256637096405029
235 0.9256637096405029
236 0.9261693954467773
237 0.9266750812530518
238 0.926927924156189
239 0.9256637096405029
240 0.9261693954467773
241 0.9276864528656006
242 0.9276864528656006
243 0.928192138671875
244 0.9271807670593262
245 0.9264222383499146
246 0.9271807670593262
247 0.9284449815750122
248 0.9276864528656006
249 0.928192138671875
250 0.9276864528656006
251 0.9274336099624634
252 0.9271807670593262
253 0.9274336099624634
254 0.9276864528656006
255 0.9286978244781494
256 0.9271807670593262
257 0.9276864528656006
258 0.9292035102844238
259 0.9286978244781494
260 0.9271807670593262
261 0.928192138671875
262 0.9279392957687378
263 0.9292035102844238
264 0.926927924156189
265 0.9289506673812866
266 0.9294564127922058
267 0.9292035102844238
268 0.9286978244781494
269 0.9286978244781494
270 0.9286978244781494
271 0.9289506673812866
272 0.929709255695343
273 0.9292035102844238
274 0.9286978244781494
275 0.9286978244781494
276 0.929709255695343
277 0.9299620985984802
278 0.928192138671875
279 0.9294564127922058
280 0.9266750812530518
281 0.9294564127922058
282 0.9294564127922058
283 0.929709255695343
284 0.9294564127922058
285 0.9289506673812866
286 0.9289506673812866
287 0.9286978244781494
288 0.9294564127922058
289 0.9279392957687378
290 0.9294564127922058
291 0.9259165525436401
292 0.9279392957687378
293 0.9284449815750122
294 0.9302149415016174
295 0.929709255695343
296 0.9289506673812866
297 0.9292035102844238
298 0.9294564127922058
299 0.929709255695343
300 0.929709255695343
301 0.9304677844047546
302 0.9292035102844238
303 0.9304677844047546
304 0.9299620985984802
305 0.9286978244781494
306 0.928192138671875
307 0.9299620985984802
308 0.9264222383499146
309 0.9299620985984802
310 0.9279392957687378
311 0.929709255695343
312 0.9312263131141663
313 0.9294564127922058
314 0.9312263131141663
315 0.9276864528656006
316 0.9317319989204407
317 0.9292035102844238
318 0.9304677844047546
319 0.9289506673812866
320 0.9302149415016174
321 0.9302149415016174
322 0.9304677844047546
323 0.9292035102844238
324 0.9286978244781494
325 0.9312263131141663
326 0.9319848418235779
327 0.9304677844047546
328 0.930973470211029
329 0.9284449815750122
330 0.930973470211029
331 0.9304677844047546
332 0.930973470211029
333 0.9322376847267151
334 0.9302149415016174
335 0.930973470211029
336 0.929709255695343
337 0.9319848418235779
338 0.9312263131141663
339 0.9299620985984802
340 0.9327433705329895
341 0.9307206273078918
342 0.9299620985984802
343 0.9324905276298523
344 0.930973470211029
345 0.9332490563392639
346 0.9312263131141663
347 0.930973470211029
348 0.9327433705329895
349 0.9329962134361267
350 0.9304677844047546
351 0.930973470211029
352 0.9327433705329895
353 0.9327433705329895
354 0.9302149415016174
355 0.9329962134361267
356 0.9329962134361267
357 0.9327433705329895
358 0.9312263131141663
359 0.9327433705329895
360 0.9329962134361267
361 0.9312263131141663
362 0.9337547421455383
363 0.9342604279518127
364 0.9335018992424011
365 0.9340075850486755
366 0.9340075850486755
367 0.9317319989204407
368 0.93451327085495
369 0.9327433705329895
370 0.93451327085495
371 0.9337547421455383
372 0.9332490563392639
373 0.9342604279518127
374 0.9327433705329895
375 0.9340075850486755
376 0.9337547421455383
377 0.9340075850486755
378 0.9340075850486755
379 0.9335018992424011
380 0.9347661137580872
381 0.9327433705329895
382 0.9337547421455383
383 0.9337547421455383
384 0.9350189566612244
385 0.9327433705329895
386 0.9352717995643616
387 0.9335018992424011
388 0.9340075850486755
389 0.9329962134361267
390 0.93451327085495
391 0.93451327085495
392 0.9340075850486755
393 0.9340075850486755
394 0.9360303282737732
395 0.9347661137580872
396 0.9324905276298523
397 0.935777485370636
398 0.935777485370636
399 0.9355246424674988
400 0.9355246424674988
401 0.9350189566612244
402 0.93451327085495
403 0.9352717995643616
404 0.9352717995643616
405 0.9352717995643616
406 0.9340075850486755
407 0.9352717995643616
408 0.937041699886322
409 0.9360303282737732
410 0.9347661137580872
411 0.9365360140800476
412 0.9352717995643616
413 0.9365360140800476
414 0.9362831711769104
415 0.9365360140800476
416 0.9355246424674988
417 0.9355246424674988
418 0.9367888569831848
419 0.9362831711769104
420 0.9362831711769104
421 0.9360303282737732
422 0.9365360140800476
423 0.935777485370636
424 0.935777485370636
425 0.9355246424674988
426 0.9362831711769104
427 0.935777485370636
428 0.9365360140800476
429 0.9372945427894592
430 0.9362831711769104
431 0.9365360140800476
432 0.9367888569831848
433 0.9372945427894592
434 0.9367888569831848
435 0.9367888569831848
436 0.9360303282737732
437 0.9372945427894592
438 0.937041699886322
439 0.937041699886322
440 0.9372945427894592
441 0.9375473856925964
442 0.9372945427894592
443 0.9372945427894592
444 0.937041699886322
445 0.937041699886322
446 0.9378002285957336
447 0.9367888569831848
448 0.9378002285957336
449 0.9372945427894592
450 0.9388116598129272
451 0.9365360140800476
452 0.9378002285957336
453 0.937041699886322
454 0.9378002285957336
455 0.9367888569831848
456 0.9378002285957336
457 0.9365360140800476
458 0.9385587573051453
459 0.9375473856925964
460 0.9372945427894592
461 0.9362831711769104
462 0.937041699886322
463 0.9378002285957336
464 0.9375473856925964
465 0.9372945427894592
466 0.9388116598129272
467 0.9360303282737732
468 0.9380530714988708
469 0.9380530714988708
470 0.9372945427894592
471 0.937041699886322
472 0.9372945427894592
473 0.9390645027160645
474 0.9380530714988708
475 0.9375473856925964
476 0.9372945427894592
477 0.9378002285957336
478 0.9375473856925964
479 0.9380530714988708
480 0.9375473856925964
481 0.9375473856925964
482 0.9395701885223389
483 0.9372945427894592
484 0.9390645027160645
485 0.9372945427894592
486 0.937041699886322
487 0.9375473856925964
488 0.9395701885223389
489 0.9380530714988708
490 0.9395701885223389
491 0.9380530714988708
492 0.9380530714988708
493 0.9380530714988708
494 0.9378002285957336
495 0.9378002285957336
496 0.9378002285957336
497 0.9375473856925964
498 0.9385587573051453
499 0.9388116598129272
500 0.9385587573051453
