1 0.5926675200462341
2 0.7345132827758789
3 0.7782553434371948
4 0.7216181755065918
5 0.7185840606689453
6 0.7188369035720825
7 0.7241466641426086
8 0.7286978363990784
9 0.7289506793022156
10 0.7289506793022156
11 0.7286978363990784
12 0.728192150592804
13 0.7261694073677063
14 0.7236409783363342
15 0.7203539609909058
16 0.7198482751846313
17 0.7190897464752197
18 0.7218710780143738
19 0.7269279360771179
20 0.7312263250350952
21 0.754740834236145
22 0.7651074528694153
23 0.7774968147277832
24 0.7739570140838623
25 0.7754740715026855
26 0.7782553434371948
27 0.7792667746543884
28 0.7881163358688354
29 0.7916561365127563
30 0.7951959371566772
31 0.802528440952301
32 0.8060682415962219
33 0.8154234886169434
34 0.8166877627372742
35 0.8184576630592346
36 0.8202275633811951
37 0.8219974637031555
38 0.8240202069282532
39 0.8300884962081909
40 0.831352710723877
41 0.8321112394332886
42 0.833881139755249
43 0.8356510996818542
44 0.8394437432289124
45 0.8437420725822449
46 0.8470290899276733
47 0.8493046760559082
48 0.8495575189590454
49 0.8520859479904175
50 0.8538559079170227
51 0.8609355092048645
52 0.8599241375923157
53 0.859165608882904
54 0.8586599230766296
55 0.8606826663017273
56 0.8632111549377441
57 0.8647282123565674
58 0.8659924268722534
59 0.8675094842910767
60 0.8682680130004883
61 0.8695322275161743
62 0.8695322275161743
63 0.8702907562255859
64 0.8710492849349976
65 0.8728192448616028
66 0.8748419880867004
67 0.8753476738929749
68 0.8753476738929749
69 0.8750948309898376
70 0.8763590455055237
71 0.8783817887306213
72 0.8771175742149353
73 0.8786346316337585
74 0.8788874745368958
75 0.8756005167961121
76 0.8776232600212097
77 0.8781289458274841
78 0.8783817887306213
79 0.8776232600212097
80 0.8778761029243469
81 0.879140317440033
82 0.8788874745368958
83 0.8778761029243469
84 0.879140317440033
85 0.8809102177619934
86 0.8801516890525818
87 0.879140317440033
88 0.8793931603431702
89 0.8801516890525818
90 0.8798988461494446
91 0.8821744918823242
92 0.8801516890525818
93 0.8819215893745422
94 0.8796460032463074
95 0.8809102177619934
96 0.8786346316337585
97 0.883185863494873
98 0.8829330205917358
99 0.8836915493011475
100 0.883185863494873
101 0.8836915493011475
102 0.8834387063980103
103 0.8844500780105591
104 0.8829330205917358
105 0.8834387063980103
106 0.8847029209136963
107 0.8847029209136963
108 0.8849557638168335
109 0.8864728212356567
110 0.8844500780105591
111 0.8859671354293823
112 0.8854614496231079
113 0.8864728212356567
114 0.8859671354293823
115 0.88798987865448
116 0.8859671354293823
117 0.8869785070419312
118 0.8869785070419312
119 0.8864728212356567
120 0.8882427215576172
121 0.886725664138794
122 0.88798987865448
123 0.889254093170166
124 0.8874841928482056
125 0.8874841928482056
126 0.88798987865448
127 0.8877370357513428
128 0.88798987865448
129 0.8877370357513428
130 0.8869785070419312
131 0.886725664138794
132 0.8877370357513428
133 0.886725664138794
134 0.8874841928482056
135 0.8864728212356567
136 0.8884955644607544
137 0.8864728212356567
138 0.8864728212356567
139 0.8869785070419312
140 0.8882427215576172
141 0.8882427215576172
142 0.8874841928482056
143 0.88798987865448
144 0.8869785070419312
145 0.8869785070419312
146 0.88798987865448
147 0.8890012502670288
148 0.8887484073638916
149 0.8872313499450684
150 0.8882427215576172
151 0.8884955644607544
152 0.889254093170166
153 0.8874841928482056
154 0.8869785070419312
155 0.8862199783325195
156 0.8862199783325195
157 0.8874841928482056
158 0.8874841928482056
159 0.8872313499450684
160 0.8872313499450684
161 0.8872313499450684
162 0.8872313499450684
163 0.88798987865448
164 0.8872313499450684
165 0.8874841928482056
166 0.8869785070419312
167 0.8864728212356567
168 0.8869785070419312
169 0.8859671354293823
170 0.88798987865448
171 0.8862199783325195
172 0.8859671354293823
173 0.8862199783325195
174 0.8862199783325195
175 0.886725664138794
176 0.8859671354293823
177 0.8854614496231079
178 0.8819215893745422
179 0.8814159035682678
180 0.8796460032463074
181 0.8821744918823242
182 0.8829330205917358
183 0.8811630606651306
184 0.8824273347854614
185 0.8826801776885986
186 0.8819215893745422
187 0.8819215893745422
188 0.8814159035682678
189 0.8819215893745422
190 0.8841972351074219
191 0.8834387063980103
192 0.8819215893745422
193 0.8819215893745422
194 0.8821744918823242
195 0.8826801776885986
196 0.8839443922042847
197 0.8841972351074219
198 0.8836915493011475
199 0.8809102177619934
200 0.8786346316337585
201 0.8786346316337585
202 0.8806573748588562
203 0.8819215893745422
204 0.8798988461494446
205 0.880404531955719
206 0.8798988461494446
207 0.8801516890525818
208 0.880404531955719
209 0.8829330205917358
210 0.880404531955719
211 0.8783817887306213
212 0.8809102177619934
213 0.8806573748588562
214 0.8806573748588562
215 0.8824273347854614
216 0.8806573748588562
217 0.881668746471405
218 0.8809102177619934
219 0.8801516890525818
220 0.881668746471405
221 0.8819215893745422
222 0.8826801776885986
223 0.8819215893745422
224 0.879140317440033
225 0.8824273347854614
226 0.8824273347854614
227 0.8826801776885986
228 0.880404531955719
229 0.8798988461494446
230 0.8781289458274841
231 0.8819215893745422
232 0.8834387063980103
233 0.8793931603431702
234 0.8809102177619934
235 0.8819215893745422
236 0.883185863494873
237 0.8836915493011475
238 0.8824273347854614
239 0.8809102177619934
240 0.8798988461494446
241 0.8814159035682678
242 0.8824273347854614
243 0.880404531955719
244 0.8821744918823242
245 0.8811630606651306
246 0.8798988461494446
247 0.883185863494873
248 0.8801516890525818
249 0.8839443922042847
250 0.8793931603431702
251 0.8819215893745422
252 0.8798988461494446
253 0.8809102177619934
254 0.8806573748588562
255 0.8836915493011475
256 0.881668746471405
257 0.8829330205917358
258 0.8811630606651306
259 0.8829330205917358
260 0.8834387063980103
261 0.8809102177619934
262 0.8824273347854614
263 0.8809102177619934
264 0.883185863494873
265 0.8821744918823242
266 0.8834387063980103
267 0.881668746471405
268 0.8814159035682678
269 0.8824273347854614
270 0.881668746471405
271 0.881668746471405
272 0.8819215893745422
273 0.8814159035682678
274 0.8844500780105591
275 0.8821744918823242
276 0.8821744918823242
277 0.8841972351074219
278 0.8847029209136963
279 0.886725664138794
280 0.886725664138794
281 0.8900126218795776
282 0.8841972351074219
283 0.8887484073638916
284 0.8882427215576172
285 0.8902654647827148
286 0.8910239934921265
287 0.8895069360733032
288 0.890518307685852
289 0.8917825818061829
290 0.8920354247093201
291 0.8890012502670288
292 0.8902654647827148
293 0.8915297389030457
294 0.8902654647827148
295 0.8912768363952637
296 0.8907711505889893
297 0.8917825818061829
298 0.8925411105155945
299 0.8925411105155945
300 0.8930467963218689
301 0.8900126218795776
302 0.8915297389030457
303 0.8925411105155945
304 0.8927939534187317
305 0.8910239934921265
306 0.8943110108375549
307 0.8922882676124573
308 0.8915297389030457
309 0.890518307685852
310 0.8950695395469666
311 0.8917825818061829
312 0.8935524821281433
313 0.8917825818061829
314 0.8945638537406921
315 0.895575225353241
316 0.8927939534187317
317 0.8920354247093201
318 0.8915297389030457
319 0.8925411105155945
320 0.8950695395469666
321 0.8965865969657898
322 0.8963337540626526
323 0.8920354247093201
324 0.8950695395469666
325 0.896839439868927
326 0.8943110108375549
327 0.8953223824501038
328 0.8953223824501038
329 0.8970922827720642
330 0.8950695395469666
331 0.8953223824501038
332 0.8978508114814758
333 0.8960809111595154
334 0.8983564972877502
335 0.898103654384613
336 0.8960809111595154
337 0.8960809111595154
338 0.896839439868927
339 0.8953223824501038
340 0.8963337540626526
341 0.8978508114814758
342 0.8983564972877502
343 0.898103654384613
344 0.896839439868927
345 0.898103654384613
346 0.8978508114814758
347 0.898103654384613
348 0.8973451256752014
349 0.8958280682563782
350 0.8970922827720642
351 0.898103654384613
352 0.8991150259971619
353 0.9003792405128479
354 0.8988621830940247
355 0.9008849263191223
356 0.8988621830940247
357 0.8970922827720642
358 0.9013906717300415
359 0.8983564972877502
360 0.8996207118034363
361 0.8988621830940247
362 0.8993678689002991
363 0.8975979685783386
364 0.8996207118034363
365 0.9001263976097107
366 0.8991150259971619
367 0.8991150259971619
368 0.9001263976097107
369 0.8996207118034363
370 0.8986093401908875
371 0.9008849263191223
372 0.8978508114814758
373 0.9011378288269043
374 0.8973451256752014
375 0.898103654384613
376 0.9003792405128479
377 0.8958280682563782
378 0.9021492004394531
379 0.8986093401908875
380 0.9013906717300415
381 0.8973451256752014
382 0.903160572052002
383 0.8975979685783386
384 0.9003792405128479
385 0.8998735547065735
386 0.8988621830940247
387 0.9013906717300415
388 0.8993678689002991
389 0.9003792405128479
390 0.903160572052002
391 0.8986093401908875
392 0.9024020433425903
393 0.8986093401908875
394 0.9003792405128479
395 0.9003792405128479
396 0.9013906717300415
397 0.9011378288269043
398 0.9016435146331787
399 0.8998735547065735
400 0.9036662578582764
401 0.9021492004394531
402 0.9013906717300415
403 0.9013906717300415
404 0.9024020433425903
405 0.9049304723739624
406 0.9021492004394531
407 0.9018963575363159
408 0.9034134149551392
409 0.905689001083374
410 0.9018963575363159
411 0.9039191007614136
412 0.9018963575363159
413 0.903160572052002
414 0.9036662578582764
415 0.9039191007614136
416 0.9034134149551392
417 0.9029077291488647
418 0.9054361581802368
419 0.9049304723739624
420 0.9039191007614136
421 0.9036662578582764
422 0.904424786567688
423 0.903160572052002
424 0.9034134149551392
425 0.903160572052002
426 0.903160572052002
427 0.9051833152770996
428 0.9041719436645508
429 0.9079645872116089
430 0.9074589014053345
431 0.9067003726959229
432 0.9097344875335693
433 0.9130215048789978
434 0.9127686619758606
435 0.9127686619758606
436 0.9127686619758606
437 0.912010133266449
438 0.9127686619758606
439 0.9147914052009583
440 0.9122629761695862
441 0.9107459187507629
442 0.9175726771354675
443 0.9183312058448792
444 0.9185840487480164
445 0.9170669913291931
446 0.9170669913291931
447 0.9188368916511536
448 0.9183312058448792
449 0.9185840487480164
450 0.9178255200386047
451 0.9180783629417419
452 0.9185840487480164
453 0.919342577457428
454 0.9173198342323303
455 0.9188368916511536
456 0.9206068515777588
457 0.9175726771354675
458 0.9198483228683472
459 0.9173198342323303
460 0.919342577457428
461 0.9178255200386047
462 0.9190897345542908
463 0.9185840487480164
464 0.9203540086746216
465 0.9185840487480164
466 0.9203540086746216
467 0.9173198342323303
468 0.9183312058448792
469 0.9185840487480164
470 0.919342577457428
471 0.9183312058448792
472 0.9195954203605652
473 0.9188368916511536
474 0.9173198342323303
475 0.9173198342323303
476 0.9203540086746216
477 0.919342577457428
478 0.9178255200386047
479 0.9188368916511536
480 0.9198483228683472
481 0.9190897345542908
482 0.9211125373840332
483 0.9198483228683472
484 0.9190897345542908
485 0.9201011657714844
486 0.9213653802871704
487 0.9203540086746216
488 0.9211125373840332
489 0.9198483228683472
490 0.9185840487480164
491 0.9206068515777588
492 0.9216182231903076
493 0.9228824377059937
494 0.9211125373840332
495 0.9233881235122681
496 0.9241466522216797
497 0.9216182231903076
498 0.9211125373840332
499 0.9246523380279541
500 0.9195954203605652
