1 0.6700665950775146
2 0.6630020141601562
3 0.65711510181427
4 0.6515711545944214
5 0.6455036997795105
6 0.6386602520942688
7 0.6309522390365601
8 0.622032642364502
9 0.6114475131034851
10 0.5991572737693787
11 0.5857398509979248
12 0.5716489553451538
13 0.5573817491531372
14 0.5432613492012024
15 0.5294890403747559
16 0.515731155872345
17 0.502253532409668
18 0.48943257331848145
19 0.4758543372154236
20 0.4623221158981323
21 0.44896647334098816
22 0.4349423050880432
23 0.42118704319000244
24 0.4062807559967041
25 0.39005914330482483
26 0.37445107102394104
27 0.3570683002471924
28 0.3403160572052002
29 0.3248783349990845
30 0.309395968914032
31 0.29507943987846375
32 0.28278833627700806
33 0.2723304331302643
34 0.2640054225921631
35 0.2571555972099304
36 0.2537916600704193
37 0.2494136542081833
38 0.24584251642227173
39 0.24460247159004211
40 0.2429753541946411
41 0.23833036422729492
42 0.23629504442214966
43 0.23665428161621094
44 0.23769794404506683
45 0.23388873040676117
46 0.2317819744348526
47 0.2340402454137802
48 0.23181025683879852
49 0.23173090815544128
50 0.22843608260154724
51 0.23010371625423431
52 0.22932766377925873
53 0.22848056256771088
54 0.2285393923521042
55 0.22706112265586853
56 0.22744542360305786
57 0.227662593126297
58 0.22539246082305908
59 0.22562137246131897
60 0.22458623349666595
61 0.2245507836341858
62 0.2236086130142212
63 0.22474895417690277
64 0.22056469321250916
65 0.22002357244491577
66 0.22132274508476257
67 0.22302600741386414
68 0.21810024976730347
69 0.2179919332265854
70 0.22357836365699768
71 0.22192926704883575
72 0.21801650524139404
73 0.21659307181835175
74 0.21905992925167084
75 0.2198147177696228
76 0.21474750339984894
77 0.21467472612857819
78 0.21622706949710846
79 0.21671663224697113
80 0.2174052596092224
81 0.2174159586429596
82 0.2153768688440323
83 0.21164073050022125
84 0.21347437798976898
85 0.21465013921260834
86 0.21273502707481384
87 0.21431846916675568
88 0.21405629813671112
89 0.21129372715950012
90 0.21195562183856964
91 0.2146625518798828
92 0.21275201439857483
93 0.20817680656909943
94 0.20909224450588226
95 0.20933188498020172
96 0.21347743272781372
97 0.20894896984100342
98 0.20837783813476562
99 0.2069339007139206
100 0.20617330074310303
101 0.20995864272117615
102 0.20782606303691864
103 0.20821619033813477
104 0.20778167247772217
105 0.20343278348445892
106 0.20669986307621002
107 0.2064843624830246
108 0.20738157629966736
109 0.20513993501663208
110 0.20226609706878662
111 0.2039286196231842
112 0.20819176733493805
113 0.20036731660366058
114 0.201750710606575
115 0.20416320860385895
116 0.20235517621040344
117 0.19983582198619843
118 0.20258313417434692
119 0.20527660846710205
120 0.19785527884960175
121 0.20083288848400116
122 0.19923651218414307
123 0.19845305383205414
124 0.19662155210971832
125 0.20103928446769714
126 0.19625172019004822
127 0.19921569526195526
128 0.19994351267814636
129 0.19822129607200623
130 0.19707340002059937
131 0.1960253268480301
132 0.19746220111846924
133 0.19666676223278046
134 0.19572120904922485
135 0.19524723291397095
136 0.19627855718135834
137 0.19439664483070374
138 0.19134186208248138
139 0.19801579415798187
140 0.19080699980258942
141 0.19430023431777954
142 0.1918080449104309
143 0.19076204299926758
144 0.19124963879585266
145 0.19125311076641083
146 0.18865424394607544
147 0.19363564252853394
148 0.19041933119297028
149 0.19091540575027466
150 0.1895958036184311
151 0.1859932392835617
152 0.1890525370836258
153 0.18984940648078918
154 0.19178521633148193
155 0.18742454051971436
156 0.18800893425941467
157 0.18465016782283783
158 0.18690428137779236
159 0.19242000579833984
160 0.184037983417511
161 0.18521562218666077
162 0.18749138712882996
163 0.1839645355939865
164 0.183472141623497
165 0.18664003908634186
166 0.17872795462608337
167 0.18244683742523193
168 0.184835284948349
169 0.18159140646457672
170 0.18648935854434967
171 0.17809095978736877
172 0.18322966992855072
173 0.18626050651073456
174 0.18058736622333527
175 0.18153822422027588
176 0.17954827845096588
177 0.18050193786621094
178 0.18147026002407074
179 0.18147782981395721
180 0.18097653985023499
181 0.1815638691186905
182 0.17688119411468506
183 0.18656378984451294
184 0.17851568758487701
185 0.17349663376808167
186 0.19034001231193542
187 0.17726267874240875
188 0.1803607940673828
189 0.17775897681713104
190 0.17511121928691864
191 0.17892064154148102
192 0.1777038872241974
193 0.17682695388793945
194 0.17417678236961365
195 0.17564387619495392
196 0.17804846167564392
197 0.17638424038887024
198 0.17755310237407684
199 0.17501212656497955
200 0.17565090954303741
201 0.1750233918428421
202 0.1713322401046753
203 0.17934200167655945
204 0.1761506199836731
205 0.17666871845722198
206 0.17509494721889496
207 0.1696050614118576
208 0.17669397592544556
209 0.17234180867671967
210 0.1737612634897232
211 0.17237570881843567
212 0.1725040227174759
213 0.17775370180606842
214 0.17261134088039398
215 0.17057707905769348
216 0.17424276471138
217 0.1705106645822525
218 0.17110295593738556
219 0.17601680755615234
220 0.17150278389453888
221 0.16513483226299286
222 0.17572730779647827
223 0.1751614660024643
224 0.1668081432580948
225 0.1664057821035385
226 0.17263184487819672
227 0.16875597834587097
228 0.16609129309654236
229 0.1707717329263687
230 0.1717904657125473
231 0.16905523836612701
232 0.16264379024505615
233 0.17056123912334442
234 0.1724337786436081
235 0.16126224398612976
236 0.17136934399604797
237 0.1734638810157776
238 0.16399548947811127
239 0.1696172058582306
240 0.1757006198167801
241 0.15963688492774963
242 0.16793397068977356
243 0.17245957255363464
244 0.16699282824993134
245 0.16198225319385529
246 0.16371554136276245
247 0.17293743789196014
248 0.17217785120010376
249 0.1598135381937027
250 0.163755863904953
251 0.17437152564525604
252 0.16553650796413422
253 0.1625460833311081
254 0.1665588617324829
255 0.16911134123802185
256 0.16512085497379303
257 0.15779058635234833
258 0.16329598426818848
259 0.17019139230251312
260 0.16063366830348969
261 0.1615026742219925
262 0.16229894757270813
263 0.1668492704629898
264 0.17173603177070618
265 0.15623080730438232
266 0.16623806953430176
267 0.17228816449642181
268 0.16267991065979004
269 0.16326119005680084
270 0.17137514054775238
271 0.16225092113018036
272 0.16091801226139069
273 0.16364359855651855
274 0.16335122287273407
275 0.16417089104652405
276 0.16215014457702637
277 0.1687277853488922
278 0.16573241353034973
279 0.15965846180915833
280 0.16601358354091644
281 0.1722804754972458
282 0.16214701533317566
283 0.15995393693447113
284 0.16351449489593506
285 0.16932900249958038
286 0.15931817889213562
287 0.1581968367099762
288 0.16526903212070465
289 0.16992945969104767
290 0.16173754632472992
291 0.15866336226463318
292 0.16391003131866455
293 0.163901224732399
294 0.1591557413339615
295 0.17088498175144196
296 0.16187360882759094
297 0.16237755119800568
298 0.16124199330806732
299 0.16065624356269836
300 0.16036660969257355
301 0.1651509702205658
302 0.16152726113796234
303 0.16028465330600739
304 0.16048289835453033
305 0.1711273491382599
306 0.16066600382328033
307 0.16365399956703186
308 0.15721334517002106
309 0.15878307819366455
310 0.1682206392288208
311 0.1615733802318573
312 0.1627698689699173
313 0.15908926725387573
314 0.15872575342655182
315 0.16294096410274506
316 0.16210079193115234
317 0.15464678406715393
318 0.16465139389038086
319 0.17103974521160126
320 0.15807680785655975
321 0.16043677926063538
322 0.15956157445907593
323 0.16317270696163177
324 0.16400547325611115
325 0.15901634097099304
326 0.15791118144989014
327 0.16032035648822784
328 0.16163606941699982
329 0.1601347178220749
330 0.15674619376659393
331 0.1584373265504837
332 0.16600467264652252
333 0.16120083630084991
334 0.15615826845169067
335 0.1588645577430725
336 0.16175824403762817
337 0.15355436503887177
338 0.15885862708091736
339 0.15656925737857819
340 0.1594594120979309
341 0.15757709741592407
342 0.16371117532253265
343 0.16336223483085632
344 0.14856423437595367
345 0.15574346482753754
346 0.16827820241451263
347 0.1576530784368515
348 0.1583894044160843
349 0.16282670199871063
350 0.1640709638595581
351 0.15858668088912964
352 0.16041767597198486
353 0.15597125887870789
354 0.16491825878620148
355 0.16034628450870514
356 0.15786442160606384
357 0.1670399010181427
358 0.15966442227363586
359 0.15621417760849
360 0.15977436304092407
361 0.16258303821086884
362 0.16291989386081696
363 0.15303713083267212
364 0.1556134670972824
365 0.1666468381881714
366 0.1601831614971161
367 0.15804879367351532
368 0.15782876312732697
369 0.16321833431720734
370 0.16105474531650543
371 0.1651228368282318
372 0.1640627086162567
373 0.15226083993911743
374 0.15978048741817474
375 0.17380011081695557
376 0.16774483025074005
377 0.15559306740760803
378 0.1530957669019699
379 0.17366741597652435
380 0.16164922714233398
381 0.15414322912693024
382 0.16472108662128448
383 0.1598733812570572
384 0.15826310217380524
385 0.15932610630989075
386 0.1636931449174881
387 0.16902580857276917
388 0.15834078192710876
389 0.16304193437099457
390 0.1564846634864807
391 0.15638399124145508
392 0.1649238020181656
393 0.160185769200325
394 0.1641782820224762
395 0.15684187412261963
396 0.16236889362335205
397 0.15560533106327057
398 0.16797958314418793
399 0.1704944372177124
400 0.15953710675239563
401 0.15556180477142334
402 0.16700732707977295
403 0.16132809221744537
404 0.1619129478931427
405 0.16282275319099426
406 0.15919777750968933
407 0.16275618970394135
408 0.1576114147901535
409 0.1602718085050583
410 0.17534427344799042
411 0.16141854226589203
412 0.15257130563259125
413 0.16281437873840332
414 0.16557148098945618
415 0.1621784269809723
416 0.16481390595436096
417 0.15947173535823822
418 0.16144248843193054
419 0.16492807865142822
420 0.16501040756702423
421 0.15800823271274567
422 0.15929752588272095
423 0.164358988404274
424 0.15608465671539307
425 0.15454557538032532
426 0.16357165575027466
427 0.16289161145687103
428 0.1567452847957611
429 0.16615624725818634
430 0.16232508420944214
431 0.16084147989749908
432 0.15625250339508057
433 0.15728718042373657
434 0.16457858681678772
435 0.16588114202022552
436 0.1565510779619217
437 0.16122138500213623
438 0.17217914760112762
439 0.16540014743804932
440 0.1563417762517929
441 0.16055873036384583
442 0.16561414301395416
443 0.17171268165111542
444 0.16332028806209564
445 0.16142509877681732
446 0.15848408639431
447 0.15875187516212463
448 0.16323742270469666
449 0.16298478841781616
450 0.16401909291744232
451 0.16246846318244934
452 0.16271783411502838
453 0.16084088385105133
454 0.16739651560783386
455 0.16612090170383453
456 0.15806610882282257
457 0.16245253384113312
458 0.16937100887298584
459 0.16730859875679016
460 0.15806090831756592
461 0.15828514099121094
462 0.16366508603096008
463 0.17158348858356476
464 0.15827380120754242
465 0.1717885136604309
466 0.1568811982870102
467 0.175430029630661
468 0.157304584980011
469 0.16325916349887848
470 0.1627330631017685
471 0.16177934408187866
472 0.17497198283672333
473 0.16392028331756592
474 0.16684632003307343
475 0.16389445960521698
476 0.15579821169376373
477 0.16463175415992737
478 0.1690651923418045
479 0.1665136069059372
480 0.1631658524274826
481 0.1628706455230713
482 0.1631453037261963
483 0.17299382388591766
484 0.16199630498886108
485 0.15754801034927368
486 0.16343939304351807
487 0.1784505993127823
488 0.16604602336883545
489 0.1581689715385437
490 0.1572849601507187
491 0.17543330788612366
492 0.1703115999698639
493 0.16353562474250793
494 0.16844740509986877
495 0.1684599369764328
496 0.16958288848400116
497 0.15862421691417694
498 0.17272458970546722
499 0.16895544528961182
500 0.16474735736846924
