1 0.6823341250419617
2 0.6740468144416809
3 0.6665288805961609
4 0.6599839329719543
5 0.6536300182342529
6 0.6468360424041748
7 0.6396623253822327
8 0.6318480968475342
9 0.6232331991195679
10 0.6137714982032776
11 0.6036578416824341
12 0.5931519865989685
13 0.5824431777000427
14 0.5715867280960083
15 0.5606080889701843
16 0.5494663119316101
17 0.5384509563446045
18 0.5278035998344421
19 0.5175020098686218
20 0.5073080062866211
21 0.4975084066390991
22 0.48831114172935486
23 0.4786859452724457
24 0.46945834159851074
25 0.46040740609169006
26 0.45144885778427124
27 0.44228285551071167
28 0.43263012170791626
29 0.42286524176597595
30 0.4130247235298157
31 0.4026145040988922
32 0.3917981684207916
33 0.3809977173805237
34 0.3706146776676178
35 0.36055415868759155
36 0.35026636719703674
37 0.33992666006088257
38 0.32993364334106445
39 0.3203980326652527
40 0.3110300898551941
41 0.3040308952331543
42 0.2968253493309021
43 0.29022547602653503
44 0.28347060084342957
45 0.27602827548980713
46 0.2711573839187622
47 0.26801562309265137
48 0.2661198675632477
49 0.2630004584789276
50 0.25769945979118347
51 0.25345680117607117
52 0.25330471992492676
53 0.2533396780490875
54 0.2503082752227783
55 0.24859151244163513
56 0.24754267930984497
57 0.24435065686702728
58 0.24333205819129944
59 0.24174948036670685
60 0.24015773832798004
61 0.23789402842521667
62 0.23834486305713654
63 0.23799575865268707
64 0.23635050654411316
65 0.23536352813243866
66 0.2335038185119629
67 0.23408465087413788
68 0.23423194885253906
69 0.23259779810905457
70 0.22993171215057373
71 0.23037637770175934
72 0.23154418170452118
73 0.22977577149868011
74 0.2294297069311142
75 0.23028767108917236
76 0.22937585413455963
77 0.2288619875907898
78 0.22629974782466888
79 0.2248637080192566
80 0.22655056416988373
81 0.22634540498256683
82 0.2256421148777008
83 0.22629724442958832
84 0.22357837855815887
85 0.2239026427268982
86 0.22506701946258545
87 0.22464866936206818
88 0.22437576949596405
89 0.2236538976430893
90 0.22019144892692566
91 0.2212056666612625
92 0.22141891717910767
93 0.2215099036693573
94 0.21901021897792816
95 0.21916763484477997
96 0.21993261575698853
97 0.21979618072509766
98 0.21989059448242188
99 0.22030892968177795
100 0.2190028429031372
101 0.2186204046010971
102 0.2193235158920288
103 0.2166474312543869
104 0.2170829325914383
105 0.21845407783985138
106 0.21818988025188446
107 0.21758142113685608
108 0.2159736603498459
109 0.21790146827697754
110 0.2173188477754593
111 0.21594297885894775
112 0.21503591537475586
113 0.2147938758134842
114 0.2140679657459259
115 0.21588259935379028
116 0.21570613980293274
117 0.21545568108558655
118 0.2143281251192093
119 0.21651095151901245
120 0.21424560248851776
121 0.2125045657157898
122 0.2125512957572937
123 0.21245929598808289
124 0.21420487761497498
125 0.21178732812404633
126 0.212327778339386
127 0.21200910210609436
128 0.21167683601379395
129 0.21290691196918488
130 0.21087516844272614
131 0.21084341406822205
132 0.21178896725177765
133 0.21316319704055786
134 0.20948071777820587
135 0.2087782621383667
136 0.2104664295911789
137 0.2106247991323471
138 0.20968233048915863
139 0.20727722346782684
140 0.20734702050685883
141 0.20876069366931915
142 0.20849047601222992
143 0.21200288832187653
144 0.20881369709968567
145 0.20693518221378326
146 0.20768557488918304
147 0.2089763581752777
148 0.2097388058900833
149 0.20802734792232513
150 0.20546510815620422
151 0.20676586031913757
152 0.20862731337547302
153 0.20607534050941467
154 0.20636367797851562
155 0.20707879960536957
156 0.2059391438961029
157 0.2057599425315857
158 0.20407742261886597
159 0.20524251461029053
160 0.20364271104335785
161 0.20454660058021545
162 0.20364730060100555
163 0.20179226994514465
164 0.20596075057983398
165 0.20578761398792267
166 0.20281188189983368
167 0.2025132030248642
168 0.2032773792743683
169 0.20518124103546143
170 0.2020973563194275
171 0.2019169181585312
172 0.20197124779224396
173 0.20225298404693604
174 0.2021978497505188
175 0.2000301629304886
176 0.20130446553230286
177 0.20140491425991058
178 0.20233653485774994
179 0.20298506319522858
180 0.20141062140464783
181 0.20161762833595276
182 0.1992630809545517
183 0.20036198198795319
184 0.20072266459465027
185 0.20350399613380432
186 0.20031778514385223
187 0.1964457631111145
188 0.19829699397087097
189 0.20168976485729218
190 0.19821025431156158
191 0.19727176427841187
192 0.2006109207868576
193 0.1987467110157013
194 0.1970302164554596
195 0.19508454203605652
196 0.19924041628837585
197 0.19884389638900757
198 0.19643789529800415
199 0.19645242393016815
200 0.19767709076404572
201 0.19880831241607666
202 0.1964491754770279
203 0.1949697732925415
204 0.19730207324028015
205 0.1970515251159668
206 0.1970517784357071
207 0.19181545078754425
208 0.19751563668251038
209 0.1981581449508667
210 0.19861778616905212
211 0.19534525275230408
212 0.1943323016166687
213 0.19507786631584167
214 0.194644033908844
215 0.196378692984581
216 0.19569715857505798
217 0.19361864030361176
218 0.19259367883205414
219 0.1931058019399643
220 0.19766128063201904
221 0.19218504428863525
222 0.1939869076013565
223 0.19075965881347656
224 0.19531261920928955
225 0.1896519958972931
226 0.19175398349761963
227 0.19392521679401398
228 0.1900220811367035
229 0.19157473742961884
230 0.19089525938034058
231 0.19355061650276184
232 0.18775230646133423
233 0.19358383119106293
234 0.18925772607326508
235 0.19205988943576813
236 0.1901596635580063
237 0.19233499467372894
238 0.1895931512117386
239 0.1871717870235443
240 0.19276688992977142
241 0.18463392555713654
242 0.1946219652891159
243 0.1877724528312683
244 0.18710196018218994
245 0.18843285739421844
246 0.18838319182395935
247 0.18958231806755066
248 0.1908845603466034
249 0.18643055856227875
250 0.1871894747018814
251 0.19234395027160645
252 0.1830977499485016
253 0.18537119030952454
254 0.18852932751178741
255 0.18645916879177094
256 0.18499957025051117
257 0.18531638383865356
258 0.1853352040052414
259 0.18785609304904938
260 0.18272201716899872
261 0.1891610473394394
262 0.1846849024295807
263 0.18617446720600128
264 0.18628230690956116
265 0.18554437160491943
266 0.18313570320606232
267 0.1809227168560028
268 0.18533816933631897
269 0.18164843320846558
270 0.1841593086719513
271 0.18712322413921356
272 0.17866948246955872
273 0.18878184258937836
274 0.18422511219978333
275 0.18051955103874207
276 0.18399032950401306
277 0.18395604193210602
278 0.19066977500915527
279 0.17804604768753052
280 0.19241973757743835
281 0.17926329374313354
282 0.18634867668151855
283 0.17928944528102875
284 0.18863381445407867
285 0.17838311195373535
286 0.18918734788894653
287 0.18271192908287048
288 0.1813267022371292
289 0.18727518618106842
290 0.1758456528186798
291 0.18800263106822968
292 0.18099960684776306
293 0.18226909637451172
294 0.18179509043693542
295 0.1851351261138916
296 0.1800912767648697
297 0.18272431194782257
298 0.18065916001796722
299 0.1808372586965561
300 0.18171720206737518
301 0.1837281733751297
302 0.17667096853256226
303 0.18570968508720398
304 0.17786601185798645
305 0.18624578416347504
306 0.17913906276226044
307 0.18658369779586792
308 0.17942480742931366
309 0.18466904759407043
310 0.18170122802257538
311 0.17862893640995026
312 0.18040792644023895
313 0.1862061470746994
314 0.17655345797538757
315 0.1870865374803543
316 0.1762288510799408
317 0.18511171638965607
318 0.18136915564537048
319 0.1793552190065384
320 0.18347851932048798
321 0.1846287101507187
322 0.1801202893257141
323 0.18317507207393646
324 0.1829916089773178
325 0.18050265312194824
326 0.17660753428936005
327 0.18672794103622437
328 0.1773766130208969
329 0.18671241402626038
330 0.1798357516527176
331 0.18601851165294647
332 0.17743085324764252
333 0.1842377483844757
334 0.17637085914611816
335 0.18468812108039856
336 0.18051199615001678
337 0.18326324224472046
338 0.1799279898405075
339 0.1825881153345108
340 0.18331535160541534
341 0.17624187469482422
342 0.18320927023887634
343 0.17851828038692474
344 0.18528327345848083
345 0.1757802665233612
346 0.1841268539428711
347 0.18080206215381622
348 0.18408845365047455
349 0.17936323583126068
350 0.17870241403579712
351 0.18070672452449799
352 0.17856550216674805
353 0.18241927027702332
354 0.1781247854232788
355 0.18090391159057617
356 0.18203231692314148
357 0.18110089004039764
358 0.17872874438762665
359 0.18140435218811035
360 0.17795200645923615
361 0.18059980869293213
362 0.1762222796678543
363 0.18326035141944885
364 0.1796078234910965
365 0.18302211165428162
366 0.17811600863933563
367 0.18307510018348694
368 0.17952960729599
369 0.17986808717250824
370 0.17958404123783112
371 0.17453321814537048
372 0.1795535832643509
373 0.17851784825325012
374 0.1782570779323578
375 0.18034909665584564
376 0.18150435388088226
377 0.17605125904083252
378 0.18356584012508392
379 0.1788903921842575
380 0.17889301478862762
381 0.18268337845802307
382 0.17763486504554749
383 0.1761479526758194
384 0.17923013865947723
385 0.17493677139282227
386 0.18374592065811157
387 0.17912980914115906
388 0.17775548994541168
389 0.1788136214017868
390 0.18167223036289215
391 0.1775204837322235
392 0.18066908419132233
393 0.18208569288253784
394 0.1763986051082611
395 0.18011504411697388
396 0.18174859881401062
397 0.17562223970890045
398 0.17956531047821045
399 0.1824345588684082
400 0.1768437772989273
401 0.18014642596244812
402 0.17728778719902039
403 0.18073776364326477
404 0.18078675866127014
405 0.17909599840641022
406 0.17581510543823242
407 0.18141669034957886
408 0.1805613785982132
409 0.1745283603668213
410 0.1772342473268509
411 0.18135933578014374
412 0.17299604415893555
413 0.1824743151664734
414 0.1775384545326233
415 0.17553536593914032
416 0.18172214925289154
417 0.180596724152565
418 0.17736013233661652
419 0.17693373560905457
420 0.18747234344482422
421 0.1746930181980133
422 0.1801997721195221
423 0.1792789101600647
424 0.17862245440483093
425 0.18011383712291718
426 0.17636558413505554
427 0.1812896877527237
428 0.1779749095439911
429 0.17814795672893524
430 0.1776593178510666
431 0.17888988554477692
432 0.1791345626115799
433 0.1793864518404007
434 0.17634139955043793
435 0.17969326674938202
436 0.1816566437482834
437 0.17716355621814728
438 0.1776556670665741
439 0.17745260894298553
440 0.18320997059345245
441 0.1762067973613739
442 0.1802685409784317
443 0.17355862259864807
444 0.1794823408126831
445 0.1750289648771286
446 0.17640449106693268
447 0.1789107322692871
448 0.1753394603729248
449 0.17736822366714478
450 0.1729331761598587
451 0.1736331731081009
452 0.18167704343795776
453 0.17670728266239166
454 0.17539040744304657
455 0.17663882672786713
456 0.17555378377437592
457 0.1787300705909729
458 0.17880630493164062
459 0.17588494718074799
460 0.18164299428462982
461 0.1781446784734726
462 0.17323052883148193
463 0.17909947037696838
464 0.17403386533260345
465 0.17762964963912964
466 0.1786195933818817
467 0.1807691603899002
468 0.17637045681476593
469 0.1723555475473404
470 0.1804378628730774
471 0.1725303828716278
472 0.1704593300819397
473 0.17746374011039734
474 0.1762533336877823
475 0.17714618146419525
476 0.17960284650325775
477 0.17404714226722717
478 0.1787448227405548
479 0.17752671241760254
480 0.17519283294677734
481 0.17995736002922058
482 0.17608727514743805
483 0.17302420735359192
484 0.17787663638591766
485 0.17588208615779877
486 0.17482292652130127
487 0.1735239326953888
488 0.17552077770233154
489 0.17502403259277344
490 0.18297672271728516
491 0.16938573122024536
492 0.18317794799804688
493 0.17492541670799255
494 0.17425192892551422
495 0.18138806521892548
496 0.17122183740139008
497 0.17488636076450348
498 0.1745743304491043
499 0.17865267395973206
500 0.17357659339904785
