1 0.697555422782898
2 0.6900742650032043
3 0.6831146478652954
4 0.6759840846061707
5 0.6695975065231323
6 0.6627733111381531
7 0.6574262380599976
8 0.6510979533195496
9 0.6458703279495239
10 0.6402608752250671
11 0.6341060400009155
12 0.6291192173957825
13 0.6242092251777649
14 0.6191940903663635
15 0.6140343546867371
16 0.609446108341217
17 0.6051071882247925
18 0.6012012958526611
19 0.5973235368728638
20 0.5940266251564026
21 0.5895561575889587
22 0.586513102054596
23 0.5836498141288757
24 0.5808328986167908
25 0.577904462814331
26 0.5736261010169983
27 0.571321964263916
28 0.5690131187438965
29 0.5659759044647217
30 0.5628026723861694
31 0.5597949624061584
32 0.5574102997779846
33 0.5557089447975159
34 0.551325261592865
35 0.5494028329849243
36 0.545716404914856
37 0.54315584897995
38 0.5409141778945923
39 0.5381531715393066
40 0.5352979302406311
41 0.5327954292297363
42 0.5303056240081787
43 0.5276582837104797
44 0.5246745944023132
45 0.5214666128158569
46 0.5177301168441772
47 0.5155970454216003
48 0.5133664011955261
49 0.5092400312423706
50 0.5065212845802307
51 0.502061128616333
52 0.4996262788772583
53 0.4963149130344391
54 0.49340423941612244
55 0.48973819613456726
56 0.48581185936927795
57 0.4819801449775696
58 0.47969213128089905
59 0.47374024987220764
60 0.47035375237464905
61 0.4658660590648651
62 0.4619799852371216
63 0.4567481577396393
64 0.45182716846466064
65 0.4469417333602905
66 0.44122314453125
67 0.43503764271736145
68 0.4294450581073761
69 0.42334631085395813
70 0.4163564443588257
71 0.4091716408729553
72 0.4008609652519226
73 0.3935486376285553
74 0.3858630359172821
75 0.3774380683898926
76 0.36914682388305664
77 0.36032727360725403
78 0.351791113615036
79 0.3436638116836548
80 0.3358311653137207
81 0.32883885502815247
82 0.32137441635131836
83 0.316685289144516
84 0.31148821115493774
85 0.30691778659820557
86 0.3025834262371063
87 0.29834505915641785
88 0.2948400378227234
89 0.29255053400993347
90 0.2888520658016205
91 0.2851228415966034
92 0.28369688987731934
93 0.28154996037483215
94 0.2780832350254059
95 0.2755680978298187
96 0.272836297750473
97 0.26930639147758484
98 0.2682573199272156
99 0.26502665877342224
100 0.2625337541103363
101 0.25999411940574646
102 0.2587619721889496
103 0.2564800977706909
104 0.2545939087867737
105 0.2523327171802521
106 0.24961024522781372
107 0.24718353152275085
108 0.24663309752941132
109 0.24407480657100677
110 0.2422075867652893
111 0.24133209884166718
112 0.23922839760780334
113 0.23686450719833374
114 0.2356436550617218
115 0.2337665855884552
116 0.23305515944957733
117 0.2310776263475418
118 0.22996340692043304
119 0.22760924696922302
120 0.22572696208953857
121 0.22404304146766663
122 0.22335326671600342
123 0.22177483141422272
124 0.22045862674713135
125 0.21778158843517303
126 0.21728260815143585
127 0.21625827252864838
128 0.21433904767036438
129 0.213851198554039
130 0.21073050796985626
131 0.21022652089595795
132 0.20907260477542877
133 0.20867063105106354
134 0.20735211670398712
135 0.20482636988162994
136 0.20473125576972961
137 0.20508095622062683
138 0.2028694748878479
139 0.2010870724916458
140 0.20092055201530457
141 0.19996687769889832
142 0.1984364241361618
143 0.19696888327598572
144 0.19617463648319244
145 0.1954544484615326
146 0.19434836506843567
147 0.1934383660554886
148 0.1920214593410492
149 0.19195827841758728
150 0.1913120597600937
151 0.1904546618461609
152 0.19014139473438263
153 0.18817493319511414
154 0.18778201937675476
155 0.1864105761051178
156 0.18532246351242065
157 0.1850464642047882
158 0.18370218575000763
159 0.18334507942199707
160 0.18229416012763977
161 0.18183937668800354
162 0.18089202046394348
163 0.1805049031972885
164 0.1798272579908371
165 0.1782803237438202
166 0.17790932953357697
167 0.17789877951145172
168 0.1775432676076889
169 0.17617562413215637
170 0.17498618364334106
171 0.17564915120601654
172 0.17495490610599518
173 0.17292943596839905
174 0.17216864228248596
175 0.17219442129135132
176 0.1717064529657364
177 0.17034406960010529
178 0.1712188571691513
179 0.1700083464384079
180 0.1691034585237503
181 0.16903476417064667
182 0.1679544448852539
183 0.16737933456897736
184 0.1670212745666504
185 0.1662309169769287
186 0.1657450944185257
187 0.16507112979888916
188 0.16401833295822144
189 0.16489265859127045
190 0.163894921541214
191 0.16376914083957672
192 0.16423000395298004
193 0.16201439499855042
194 0.16259482502937317
195 0.16096478700637817
196 0.16091075539588928
197 0.1602836549282074
198 0.1598222702741623
199 0.15898244082927704
200 0.1581162065267563
201 0.15823331475257874
202 0.15796047449111938
203 0.15746569633483887
204 0.15755099058151245
205 0.15640221536159515
206 0.15573814511299133
207 0.1559138000011444
208 0.15422676503658295
209 0.15517744421958923
210 0.1547037661075592
211 0.15419167280197144
212 0.15394727885723114
213 0.15326517820358276
214 0.15266427397727966
215 0.15261605381965637
216 0.15135133266448975
217 0.15088118612766266
218 0.15008240938186646
219 0.14984804391860962
220 0.1491522192955017
221 0.14970597624778748
222 0.14921723306179047
223 0.1486261636018753
224 0.14856423437595367
225 0.14876008033752441
226 0.14727477729320526
227 0.14789827167987823
228 0.14666034281253815
229 0.1457870900630951
230 0.14632274210453033
231 0.14609086513519287
232 0.14563003182411194
233 0.14419154822826385
234 0.1427408903837204
235 0.1437244713306427
236 0.14326070249080658
237 0.14315511286258698
238 0.1429697424173355
239 0.14252878725528717
240 0.1415870040655136
241 0.14174573123455048
242 0.1409023404121399
243 0.14012350142002106
244 0.14163875579833984
245 0.14012765884399414
246 0.1395023912191391
247 0.13885445892810822
248 0.13927899301052094
249 0.13846392929553986
250 0.1374921053647995
251 0.13789531588554382
252 0.13775984942913055
253 0.13724225759506226
254 0.13656085729599
255 0.1357615888118744
256 0.13575485348701477
257 0.13658392429351807
258 0.13479085266590118
259 0.13495291769504547
260 0.1342291682958603
261 0.13414841890335083
262 0.1337059736251831
263 0.1335752159357071
264 0.1330622136592865
265 0.13210874795913696
266 0.13181348145008087
267 0.1326066255569458
268 0.1319672167301178
269 0.13213932514190674
270 0.13048401474952698
271 0.12990660965442657
272 0.13064825534820557
273 0.13021190464496613
274 0.13015849888324738
275 0.12889941036701202
276 0.12941612303256989
277 0.12848161160945892
278 0.12856216728687286
279 0.12829850614070892
280 0.12737120687961578
281 0.12634024024009705
282 0.12618210911750793
283 0.1272064745426178
284 0.12651415169239044
285 0.1257176399230957
286 0.12594278156757355
287 0.12694860994815826
288 0.1251729428768158
289 0.12506744265556335
290 0.12510521709918976
291 0.12463259696960449
292 0.1240515187382698
293 0.12365280091762543
294 0.12327651679515839
295 0.12300200760364532
296 0.1224563792347908
297 0.12169799953699112
298 0.12134559452533722
299 0.12141314893960953
300 0.12076327949762344
301 0.1218266412615776
302 0.12125727534294128
303 0.12082470208406448
304 0.12078116089105606
305 0.12022146582603455
306 0.11988376080989838
307 0.11903997510671616
308 0.11855199187994003
309 0.11847610026597977
310 0.11807475239038467
311 0.118838369846344
312 0.11761348694562912
313 0.1168534979224205
314 0.11706382781267166
315 0.1172286793589592
316 0.11557625979185104
317 0.11625725030899048
318 0.11619676649570465
319 0.11510109156370163
320 0.115659199655056
321 0.11472921073436737
322 0.11431723088026047
323 0.11486265808343887
324 0.11482347548007965
325 0.11446915566921234
326 0.11394003033638
327 0.11300019919872284
328 0.11337565630674362
329 0.11361820995807648
330 0.1120137870311737
331 0.11182093620300293
332 0.11141396313905716
333 0.11178833246231079
334 0.1119336187839508
335 0.11078042536973953
336 0.10994508117437363
337 0.11035041511058807
338 0.11060740798711777
339 0.10971712321043015
340 0.1095532700419426
341 0.10978128761053085
342 0.10864753276109695
343 0.108941949903965
344 0.10870789736509323
345 0.10895237326622009
346 0.1077246218919754
347 0.10859231650829315
348 0.10710259526968002
349 0.10706502944231033
350 0.10757799446582794
351 0.10737732797861099
352 0.10685934871435165
353 0.10629476606845856
354 0.10624419897794724
355 0.10551933199167252
356 0.10536279529333115
357 0.10502441227436066
358 0.10454197227954865
359 0.10476533323526382
360 0.10439766198396683
361 0.10421210527420044
362 0.10402069240808487
363 0.1039595827460289
364 0.10389277338981628
365 0.10344014316797256
366 0.10331249982118607
367 0.10297641158103943
368 0.10201853513717651
369 0.10291057825088501
370 0.10095169395208359
371 0.10159214586019516
372 0.10008224844932556
373 0.10100105404853821
374 0.10093475878238678
375 0.10110194981098175
376 0.10120690613985062
377 0.10046736150979996
378 0.10054336488246918
379 0.10093706101179123
380 0.09930826723575592
381 0.099276103079319
382 0.09955918043851852
383 0.09914320707321167
384 0.09776254743337631
385 0.09841497987508774
386 0.09791001677513123
387 0.09787965565919876
388 0.09768424183130264
389 0.09767846018075943
390 0.09703729301691055
391 0.09715799242258072
392 0.0965966060757637
393 0.09636228531599045
394 0.09657296538352966
395 0.09571073204278946
396 0.09583454579114914
397 0.09683265537023544
398 0.09578023105859756
399 0.09429274499416351
400 0.0939459577202797
401 0.09523992240428925
402 0.09360382705926895
403 0.09402544796466827
404 0.09367506951093674
405 0.09361883252859116
406 0.09317192435264587
407 0.092948779463768
408 0.09205316752195358
409 0.09234771877527237
410 0.09244740009307861
411 0.09147798269987106
412 0.09258010238409042
413 0.09183723479509354
414 0.09157034009695053
415 0.09138371795415878
416 0.09132769703865051
417 0.09091546386480331
418 0.09081120789051056
419 0.09110131859779358
420 0.0894990861415863
421 0.09037117660045624
422 0.089498370885849
423 0.08902458846569061
424 0.08883409947156906
425 0.08877754956483841
426 0.0880885124206543
427 0.08824387937784195
428 0.08861392736434937
429 0.08808525651693344
430 0.08893071860074997
431 0.08738463371992111
432 0.08765263855457306
433 0.08771629631519318
434 0.08651746064424515
435 0.0861978754401207
436 0.08674615621566772
437 0.08594002574682236
438 0.08531740307807922
439 0.08502490073442459
440 0.08535448461771011
441 0.08433455973863602
442 0.0846167802810669
443 0.08423260599374771
444 0.08448594808578491
445 0.08477219939231873
446 0.08460575342178345
447 0.08432937413454056
448 0.08360761404037476
449 0.0841655358672142
450 0.08222305774688721
451 0.08337223529815674
452 0.08356370031833649
453 0.08264216035604477
454 0.08206968009471893
455 0.08197793364524841
456 0.08255027234554291
457 0.08139586448669434
458 0.08184091746807098
459 0.08233310282230377
460 0.08226039260625839
461 0.0813540518283844
462 0.08103058487176895
463 0.08073603361845016
464 0.08090192824602127
465 0.08055968582630157
466 0.08081607520580292
467 0.08088487386703491
468 0.07953602075576782
469 0.08015138655900955
470 0.07928894460201263
471 0.08005598932504654
472 0.07938716560602188
473 0.07876420766115189
474 0.07750079780817032
475 0.07886580377817154
476 0.07857762277126312
477 0.07804175466299057
478 0.07846192270517349
479 0.07680296897888184
480 0.07711952179670334
481 0.07814133912324905
482 0.07707176357507706
483 0.0773475170135498
484 0.07711506634950638
485 0.07664266228675842
486 0.07607446610927582
487 0.0750417485833168
488 0.07659222185611725
489 0.07603083550930023
490 0.07490407675504684
491 0.07499512284994125
492 0.07519353181123734
493 0.07427846640348434
494 0.07423609495162964
495 0.07391825318336487
496 0.07435525208711624
497 0.07399183511734009
498 0.07376155257225037
499 0.07399970293045044
500 0.07378838956356049
501 0.07331841439008713
502 0.07368849962949753
503 0.07361806929111481
504 0.07345297932624817
505 0.07280895113945007
506 0.07217376679182053
507 0.0721186175942421
508 0.07228664308786392
509 0.07179451733827591
510 0.0721728727221489
511 0.07232559472322464
512 0.07192366570234299
513 0.07164090126752853
514 0.07112826406955719
515 0.07079290598630905
516 0.07069197297096252
517 0.07105755805969238
518 0.07097280025482178
519 0.07060101628303528
520 0.07085838913917542
521 0.07176059484481812
522 0.07067802548408508
523 0.06940748542547226
524 0.06962385028600693
525 0.06952428817749023
526 0.06941285729408264
527 0.07002183049917221
528 0.06947252154350281
529 0.06936979293823242
530 0.06848477572202682
531 0.06859111040830612
532 0.06798987090587616
533 0.06854312866926193
534 0.06833826750516891
535 0.06774125248193741
536 0.06744545698165894
537 0.06786680221557617
538 0.06859445571899414
539 0.06705307960510254
540 0.06793162971735
541 0.06716746091842651
542 0.06702295690774918
543 0.06620973348617554
544 0.06609340012073517
545 0.06752879917621613
546 0.06659659743309021
547 0.06693383306264877
548 0.0665038600564003
549 0.0659785345196724
550 0.06680753082036972
