1 72.28824496269226
2 72.28824496269226
3 72.26296067237854
4 72.26296067237854
5 72.26296067237854
6 72.26296067237854
7 72.26296067237854
8 72.26296067237854
9 72.26296067237854
10 72.26296067237854
11 72.26296067237854
12 72.26296067237854
13 72.26296067237854
14 72.26296067237854
15 72.26296067237854
16 72.26296067237854
17 72.26296067237854
18 72.26296067237854
19 72.26296067237854
20 72.26296067237854
21 72.26296067237854
22 72.26296067237854
23 72.26296067237854
24 72.26296067237854
25 72.31352925300598
26 72.31352925300598
27 72.8192150592804
28 73.17320108413696
29 74.43742156028748
30 75.4740834236145
31 76.51074528694153
32 78.25537323951721
33 79.16561365127563
34 82.62958526611328
35 83.1352710723877
36 83.41339826583862
37 84.146648645401
38 84.17193293571472
39 84.17193293571472
40 83.99494290351868
41 83.5398256778717
42 83.23640823364258
43 82.83185958862305
44 82.73072242736816
45 82.75600671768188
46 82.40202069282532
47 82.40202069282532
48 82.57901668548584
49 82.7812910079956
50 82.70543813705444
51 82.7812910079956
52 83.31226110458374
53 83.69153141975403
54 84.55120325088501
55 85.05688905715942
56 85.36030054092407
57 85.61314940452576
58 86.09355092048645
59 86.09355092048645
60 86.5486741065979
61 86.97850704193115
62 87.40834593772888
63 87.58533596992493
64 88.1668746471405
65 88.77370357513428
66 88.9254093170166
67 88.84955644607544
68 88.9254093170166
69 88.77370357513428
70 88.798987865448
71 88.77370357513428
72 88.77370357513428
73 88.82427215576172
74 88.6725664138794
75 88.95069360733032
76 89.02654647827148
77 89.203542470932
78 89.65865969657898
79 89.65865969657898
80 89.8103654384613
81 90.06320834159851
82 90.39191007614136
83 90.94816446304321
84 90.72060585021973
85 91.8078362941742
86 91.65613055229187
87 91.8078362941742
88 91.78255200386047
89 92.06068515777588
90 92.06068515777588
91 91.9342577457428
92 91.90897345542908
93 91.95954203605652
94 92.13653802871704
95 92.06068515777588
96 91.9342577457428
97 92.03540086746216
98 92.2123908996582
99 92.3388123512268
100 92.51580238342285
101 92.43994951248169
102 92.3388123512268
103 92.28824377059937
104 92.41466522216797
105 92.74336099624634
106 92.64222383499146
107 92.5663709640503
108 92.54108667373657
109 92.5663709640503
110 92.54108667373657
111 92.79392957687378
112 92.41466522216797
113 92.51580238342285
114 92.79392957687378
115 92.64222383499146
116 92.5663709640503
117 92.59165525436401
118 92.71807670593262
119 92.59165525436401
120 92.66750812530518
121 92.76864528656006
122 92.86978244781494
123 92.84449815750122
124 92.6927924156189
125 92.74336099624634
126 92.64222383499146
127 92.8192138671875
128 92.79392957687378
129 92.84449815750122
130 92.86978244781494
131 92.79392957687378
132 92.84449815750122
133 92.76864528656006
134 92.74336099624634
135 92.86978244781494
136 92.94564127922058
137 92.92035102844238
138 92.92035102844238
139 92.99620985984802
140 92.94564127922058
141 93.0973470211029
142 92.92035102844238
143 93.04677844047546
144 93.04677844047546
145 92.89506673812866
146 93.04677844047546
147 93.04677844047546
148 93.02149415016174
149 92.9709255695343
150 93.22376847267151
151 93.04677844047546
152 92.99620985984802
153 93.12263131141663
154 93.07206273078918
155 93.07206273078918
156 93.0973470211029
157 93.07206273078918
158 93.07206273078918
159 93.02149415016174
160 93.12263131141663
161 93.07206273078918
162 93.04677844047546
163 93.12263131141663
164 93.14791560173035
165 93.0973470211029
166 92.92035102844238
167 93.12263131141663
168 93.22376847267151
169 93.14791560173035
170 93.14791560173035
171 93.12263131141663
172 93.12263131141663
173 93.14791560173035
174 93.0973470211029
175 93.07206273078918
176 93.0973470211029
177 93.17319989204407
178 93.22376847267151
179 93.14791560173035
180 93.12263131141663
181 93.14791560173035
182 93.17319989204407
183 93.14791560173035
184 93.14791560173035
185 93.14791560173035
186 93.22376847267151
187 93.29962134361267
188 93.14791560173035
189 93.17319989204407
190 93.17319989204407
191 93.29962134361267
192 93.22376847267151
193 93.19848418235779
194 93.22376847267151
195 93.22376847267151
196 93.35018992424011
197 93.27433705329895
198 93.19848418235779
199 93.27433705329895
200 93.27433705329895
201 93.24905276298523
202 93.17319989204407
203 93.32490563392639
204 93.22376847267151
205 93.27433705329895
206 93.27433705329895
207 93.22376847267151
208 93.29962134361267
209 93.19848418235779
210 93.24905276298523
211 93.24905276298523
212 93.32490563392639
213 93.24905276298523
214 93.24905276298523
215 93.29962134361267
216 93.19848418235779
217 93.27433705329895
218 93.24905276298523
219 93.24905276298523
220 93.27433705329895
221 93.22376847267151
222 93.24905276298523
223 93.32490563392639
224 93.37547421455383
225 93.40075850486755
226 93.19848418235779
227 93.29962134361267
228 93.37547421455383
229 93.35018992424011
230 93.29962134361267
231 93.35018992424011
232 93.27433705329895
233 93.37547421455383
234 93.29962134361267
235 93.42604279518127
236 93.24905276298523
237 93.37547421455383
238 93.37547421455383
239 93.37547421455383
240 93.42604279518127
241 93.451327085495
242 93.37547421455383
243 93.37547421455383
244 93.451327085495
245 93.42604279518127
246 93.40075850486755
247 93.40075850486755
248 93.42604279518127
249 93.40075850486755
250 93.47661137580872
251 93.40075850486755
252 93.47661137580872
253 93.52717995643616
254 93.47661137580872
255 93.42604279518127
256 93.451327085495
257 93.42604279518127
258 93.50189566612244
259 93.451327085495
260 93.50189566612244
261 93.52717995643616
262 93.52717995643616
263 93.52717995643616
264 93.52717995643616
265 93.55246424674988
266 93.451327085495
267 93.47661137580872
268 93.47661137580872
269 93.47661137580872
270 93.52717995643616
271 93.47661137580872
272 93.50189566612244
273 93.42604279518127
274 93.52717995643616
275 93.50189566612244
276 93.52717995643616
277 93.52717995643616
278 93.52717995643616
279 93.52717995643616
280 93.50189566612244
281 93.60303282737732
282 93.5777485370636
283 93.60303282737732
284 93.52717995643616
285 93.60303282737732
286 93.60303282737732
287 93.65360140800476
288 93.62831711769104
289 93.62831711769104
290 93.67888569831848
291 93.62831711769104
292 93.62831711769104
293 93.65360140800476
294 93.62831711769104
295 93.60303282737732
296 93.5777485370636
297 93.62831711769104
298 93.62831711769104
299 93.62831711769104
300 93.65360140800476
301 93.60303282737732
302 93.5777485370636
303 93.60303282737732
304 93.67888569831848
305 93.65360140800476
306 93.7041699886322
307 93.5777485370636
308 93.67888569831848
309 93.62831711769104
310 93.7041699886322
311 93.65360140800476
312 93.67888569831848
313 93.67888569831848
314 93.62831711769104
315 93.65360140800476
316 93.67888569831848
317 93.65360140800476
318 93.65360140800476
319 93.62831711769104
320 93.62831711769104
321 93.62831711769104
322 93.7041699886322
323 93.67888569831848
324 93.65360140800476
325 93.65360140800476
326 93.65360140800476
327 93.7041699886322
328 93.67888569831848
329 93.67888569831848
330 93.67888569831848
331 93.67888569831848
332 93.75473856925964
333 93.7041699886322
334 93.62831711769104
335 93.67888569831848
336 93.62831711769104
337 93.65360140800476
338 93.7041699886322
339 93.67888569831848
340 93.65360140800476
341 93.65360140800476
342 93.7041699886322
343 93.75473856925964
344 93.65360140800476
345 93.67888569831848
346 93.65360140800476
347 93.67888569831848
348 93.67888569831848
349 93.67888569831848
350 93.65360140800476
351 93.65360140800476
352 93.62831711769104
353 93.65360140800476
354 93.62831711769104
355 93.65360140800476
356 93.75473856925964
357 93.7041699886322
358 93.60303282737732
359 93.67888569831848
360 93.65360140800476
361 93.60303282737732
362 93.67888569831848
363 93.75473856925964
364 93.7041699886322
365 93.7041699886322
366 93.67888569831848
367 93.67888569831848
368 93.72945427894592
369 93.7041699886322
370 93.7041699886322
371 93.72945427894592
372 93.7041699886322
373 93.72945427894592
374 93.80530714988708
375 93.7041699886322
376 93.7041699886322
377 93.75473856925964
378 93.80530714988708
379 93.75473856925964
380 93.80530714988708
381 93.78002285957336
382 93.8305914402008
383 93.7041699886322
384 93.75473856925964
385 93.7041699886322
386 93.72945427894592
387 93.67888569831848
388 93.7041699886322
389 93.78002285957336
390 93.75473856925964
391 93.75473856925964
392 93.7041699886322
393 93.78002285957336
394 93.8305914402008
395 93.75473856925964
396 93.80530714988708
397 93.75473856925964
398 93.67888569831848
399 93.80530714988708
400 93.80530714988708
401 93.88116598129272
402 93.78002285957336
403 93.67888569831848
404 93.67888569831848
405 93.72945427894592
406 93.7041699886322
407 93.8305914402008
408 93.75473856925964
409 93.80530714988708
410 93.8305914402008
411 93.75473856925964
412 93.67888569831848
413 93.85587573051453
414 93.85587573051453
415 93.78002285957336
416 93.65360140800476
417 93.78002285957336
418 93.85587573051453
419 93.65360140800476
420 93.75473856925964
421 93.85587573051453
422 93.8305914402008
423 93.75473856925964
424 93.75473856925964
425 93.93173456192017
426 93.75473856925964
427 93.7041699886322
428 93.78002285957336
429 93.7041699886322
430 93.80530714988708
431 93.93173456192017
432 93.75473856925964
433 93.78002285957336
434 93.78002285957336
435 93.93173456192017
436 93.75473856925964
437 93.7041699886322
438 93.8305914402008
439 93.80530714988708
440 93.80530714988708
441 93.75473856925964
442 93.75473856925964
443 93.75473856925964
444 93.67888569831848
445 93.7041699886322
446 93.88116598129272
447 93.7041699886322
448 93.7041699886322
449 93.75473856925964
450 93.88116598129272
451 93.67888569831848
452 93.7041699886322
453 93.8305914402008
454 93.75473856925964
455 93.78002285957336
456 93.75473856925964
457 93.75473856925964
458 93.8305914402008
459 93.7041699886322
460 93.8305914402008
461 93.85587573051453
462 93.78002285957336
463 93.8305914402008
464 93.7041699886322
465 93.78002285957336
466 93.72945427894592
467 93.80530714988708
468 93.78002285957336
469 93.75473856925964
470 93.75473856925964
471 93.7041699886322
472 93.8305914402008
473 93.75473856925964
474 93.75473856925964
475 93.75473856925964
476 93.80530714988708
477 93.78002285957336
478 93.78002285957336
479 93.78002285957336
480 93.7041699886322
481 93.88116598129272
482 93.67888569831848
483 93.85587573051453
484 93.75473856925964
485 93.80530714988708
486 93.98230314254761
487 93.72945427894592
488 93.80530714988708
489 93.85587573051453
490 93.8305914402008
491 93.65360140800476
492 93.75473856925964
493 93.8305914402008
494 93.85587573051453
495 93.80530714988708
496 93.78002285957336
497 93.75473856925964
498 93.78002285957336
499 93.78002285957336
500 93.8305914402008
