1 0.6928149461746216
2 0.6850157380104065
3 0.6772727966308594
4 0.6696739792823792
5 0.6622598171234131
6 0.6550328135490417
7 0.648001492023468
8 0.6411516070365906
9 0.6344941258430481
10 0.628013551235199
11 0.621713399887085
12 0.615613579750061
13 0.6096856594085693
14 0.6038806438446045
15 0.5982687473297119
16 0.5928965210914612
17 0.5877766013145447
18 0.5829082131385803
19 0.5782738924026489
20 0.5738667845726013
21 0.5696706771850586
22 0.5656365156173706
23 0.5617475509643555
24 0.558003842830658
25 0.5543900728225708
26 0.5508596301078796
27 0.5474005937576294
28 0.5439872741699219
29 0.5405743718147278
30 0.5371947288513184
31 0.5338671207427979
32 0.5305917263031006
33 0.5273635387420654
34 0.524142861366272
35 0.5209535360336304
36 0.5177991390228271
37 0.5146768689155579
38 0.5115953683853149
39 0.508539617061615
40 0.5054997801780701
41 0.502454936504364
42 0.49939408898353577
43 0.49632564187049866
44 0.4932561218738556
45 0.4901568293571472
46 0.4870273470878601
47 0.48385003209114075
48 0.480621337890625
49 0.4773295521736145
50 0.47397738695144653
51 0.4705522954463959
52 0.4670543372631073
53 0.4634953737258911
54 0.4598452150821686
55 0.45609691739082336
56 0.4522269070148468
57 0.4482114911079407
58 0.44404348731040955
59 0.4396986663341522
60 0.4351590573787689
61 0.43041160702705383
62 0.42543962597846985
63 0.4202059209346771
64 0.41467106342315674
65 0.4088185727596283
66 0.4026051163673401
67 0.39597880840301514
68 0.3889286518096924
69 0.381413996219635
70 0.37339842319488525
71 0.36490800976753235
72 0.35596102476119995
73 0.3466089367866516
74 0.3369489312171936
75 0.32709604501724243
76 0.3172672688961029
77 0.3076988756656647
78 0.298664927482605
79 0.29049989581108093
80 0.2835250794887543
81 0.2779454290866852
82 0.2738129198551178
83 0.2709362804889679
84 0.26911941170692444
85 0.268311470746994
86 0.2680688798427582
87 0.2682127058506012
88 0.2684096693992615
89 0.26829659938812256
90 0.2679286599159241
91 0.26715874671936035
92 0.26614993810653687
93 0.2650889456272125
94 0.2643123269081116
95 0.2636473774909973
96 0.262751042842865
97 0.26159238815307617
98 0.2607128620147705
99 0.26007482409477234
100 0.2596924602985382
101 0.2593856155872345
102 0.2587614953517914
103 0.25793129205703735
104 0.2574414908885956
105 0.2574054002761841
106 0.25733137130737305
107 0.25720515847206116
108 0.25684496760368347
109 0.2566634714603424
110 0.256648451089859
111 0.2567945122718811
112 0.2567084729671478
113 0.25666216015815735
114 0.2566423714160919
115 0.25677475333213806
116 0.25680333375930786
117 0.25654762983322144
118 0.2561601996421814
119 0.25614723563194275
120 0.2560235261917114
121 0.25596117973327637
122 0.2559853494167328
123 0.25563621520996094
124 0.2550778388977051
125 0.2548850476741791
126 0.2548087537288666
127 0.2547032833099365
128 0.2546452283859253
129 0.25448065996170044
130 0.2547495663166046
131 0.2548394203186035
132 0.25488436222076416
133 0.25486141443252563
134 0.2544716000556946
135 0.2543686628341675
136 0.2542632520198822
137 0.2538282871246338
138 0.25364255905151367
139 0.25377216935157776
140 0.2534923851490021
141 0.2529180943965912
142 0.252627432346344
143 0.2525355815887451
144 0.2525878846645355
145 0.2526826858520508
146 0.25252237915992737
147 0.2520816922187805
148 0.2519659101963043
149 0.25170639157295227
150 0.2517314553260803
151 0.2517101764678955
152 0.25175073742866516
153 0.2520062029361725
154 0.2515981197357178
155 0.25113287568092346
156 0.25083649158477783
157 0.25082650780677795
158 0.2509704828262329
159 0.2509829103946686
160 0.2509447932243347
161 0.2508303225040436
162 0.25060707330703735
163 0.2503737807273865
164 0.250520259141922
165 0.25063636898994446
166 0.2504994869232178
167 0.2502429783344269
168 0.2503255605697632
169 0.2504142224788666
170 0.2505417466163635
171 0.2503499984741211
172 0.2500591576099396
173 0.2500537931919098
174 0.25013214349746704
175 0.24996723234653473
176 0.24990196526050568
177 0.24974025785923004
178 0.2494862675666809
179 0.24954074621200562
180 0.24956706166267395
181 0.24953174591064453
182 0.2493610382080078
183 0.24906452000141144
184 0.24899613857269287
185 0.24919506907463074
186 0.2489205002784729
187 0.24851824343204498
188 0.24818752706050873
189 0.24814428389072418
190 0.24827732145786285
191 0.24830396473407745
192 0.2480757087469101
193 0.24786947667598724
194 0.2476174384355545
195 0.2474527657032013
196 0.24719475209712982
197 0.24679362773895264
198 0.24669457972049713
199 0.2464626133441925
200 0.24626924097537994
201 0.24618558585643768
202 0.24621857702732086
203 0.24636057019233704
204 0.24643613398075104
205 0.24621190130710602
206 0.24607063829898834
207 0.2458476573228836
208 0.24554213881492615
209 0.2453293353319168
210 0.24516883492469788
211 0.24511079490184784
212 0.24495452642440796
213 0.24462734162807465
214 0.24429047107696533
215 0.2440614104270935
216 0.24386665225028992
217 0.24401086568832397
218 0.24388982355594635
219 0.24385878443717957
220 0.24379824101924896
221 0.2435665875673294
222 0.24322187900543213
223 0.2431323379278183
224 0.24303853511810303
225 0.24294567108154297
226 0.24288076162338257
227 0.24291644990444183
228 0.24286916851997375
229 0.24290429055690765
230 0.24271811544895172
231 0.24248310923576355
232 0.24219271540641785
233 0.24204714596271515
234 0.24163739383220673
235 0.2415473461151123
236 0.24142231047153473
237 0.2411847710609436
238 0.24086789786815643
239 0.24045701324939728
240 0.24008320271968842
241 0.2398463487625122
242 0.2398366779088974
243 0.23993748426437378
244 0.2401006668806076
245 0.2401239424943924
246 0.24012090265750885
247 0.24005214869976044
248 0.2400665134191513
249 0.2398219257593155
250 0.23966823518276215
251 0.23956391215324402
252 0.2396911382675171
253 0.23979853093624115
254 0.23978443443775177
255 0.2397439330816269
256 0.2395961731672287
257 0.23948310315608978
258 0.2394876927137375
259 0.23949703574180603
260 0.23933091759681702
261 0.23924992978572845
262 0.2389225959777832
263 0.2383769303560257
264 0.2380792647600174
265 0.2377547025680542
266 0.23768410086631775
267 0.2378242015838623
268 0.23801133036613464
269 0.23811087012290955
270 0.238157719373703
271 0.23811966180801392
272 0.23834390938282013
273 0.23865216970443726
274 0.23890243470668793
275 0.23878522217273712
276 0.23848013579845428
277 0.23819079995155334
278 0.23817551136016846
279 0.23814933001995087
280 0.2381695955991745
281 0.2382126748561859
282 0.2384624034166336
283 0.23853066563606262
284 0.23837819695472717
285 0.23833346366882324
286 0.23807965219020844
287 0.23801656067371368
288 0.237876296043396
289 0.23760545253753662
290 0.23736411333084106
291 0.2371891587972641
292 0.23708486557006836
293 0.23730626702308655
294 0.23743446171283722
295 0.23724527657032013
296 0.23724694550037384
297 0.23726786673069
298 0.2373637706041336
299 0.23707933723926544
300 0.23705965280532837
301 0.23706232011318207
302 0.2371017187833786
303 0.23725533485412598
304 0.2369009256362915
305 0.23677903413772583
306 0.23662759363651276
307 0.23652994632720947
308 0.23669171333312988
309 0.2368244081735611
310 0.23683394491672516
311 0.2364986538887024
312 0.23609115183353424
313 0.23566332459449768
314 0.2355184704065323
315 0.23593862354755402
316 0.23618392646312714
317 0.23616436123847961
318 0.2362326979637146
319 0.23625515401363373
320 0.2357800155878067
321 0.23523537814617157
322 0.23467540740966797
323 0.23476842045783997
324 0.235274538397789
325 0.23544153571128845
326 0.2354293316602707
327 0.23503327369689941
328 0.2346198409795761
329 0.23440296947956085
330 0.2343662977218628
331 0.23420101404190063
332 0.23425637185573578
333 0.2344151884317398
334 0.23451249301433563
335 0.23454628884792328
336 0.23415294289588928
337 0.23370739817619324
338 0.23337896168231964
339 0.23274071514606476
340 0.23239049315452576
341 0.23213854432106018
342 0.23206467926502228
343 0.23218919336795807
344 0.2320091426372528
345 0.23182843625545502
346 0.23143517971038818
347 0.23133526742458344
348 0.23164772987365723
349 0.23182253539562225
350 0.23165668547153473
351 0.23149481415748596
352 0.23117491602897644
353 0.23111295700073242
354 0.23091183602809906
355 0.23074428737163544
356 0.23063570261001587
357 0.23015660047531128
358 0.23003540933132172
359 0.2299480140209198
360 0.22980818152427673
361 0.22924387454986572
362 0.22866420447826385
363 0.22806605696678162
364 0.22777052223682404
365 0.2281808853149414
366 0.22845539450645447
367 0.22810980677604675
368 0.22794945538043976
369 0.22776691615581512
370 0.22760099172592163
371 0.22727777063846588
372 0.22692590951919556
373 0.22664308547973633
374 0.22654177248477936
375 0.22631098330020905
376 0.2262345254421234
377 0.22611573338508606
378 0.2258176952600479
379 0.22575846314430237
380 0.22553232312202454
381 0.22483105957508087
382 0.2244068682193756
383 0.22458317875862122
384 0.22438883781433105
385 0.22433440387248993
386 0.2243138998746872
387 0.22451354563236237
388 0.22414563596248627
389 0.22398029267787933
390 0.22372221946716309
391 0.22361938655376434
392 0.22354008257389069
393 0.22312331199645996
394 0.22292357683181763
395 0.22256866097450256
396 0.22202304005622864
397 0.22100864350795746
398 0.22056452929973602
399 0.2206168919801712
400 0.22050118446350098
401 0.22069494426250458
402 0.22062578797340393
403 0.2208150178194046
404 0.22127573192119598
405 0.22144284844398499
406 0.22107242047786713
407 0.22059088945388794
408 0.22003641724586487
409 0.2195940762758255
410 0.2193024456501007
411 0.2191503345966339
412 0.2180601805448532
413 0.21788614988327026
414 0.21869254112243652
415 0.21906501054763794
416 0.2188514918088913
417 0.21825027465820312
418 0.2173944115638733
419 0.2167826145887375
420 0.21694327890872955
421 0.21742354333400726
422 0.21764439344406128
423 0.21736642718315125
424 0.21657273173332214
425 0.2156931757926941
426 0.21530677378177643
427 0.2153143435716629
428 0.21554768085479736
429 0.21517306566238403
430 0.21453073620796204
431 0.21455860137939453
432 0.21486569941043854
433 0.2152007520198822
434 0.21527278423309326
435 0.2149466872215271
436 0.21453671157360077
437 0.2140541672706604
438 0.21401889622211456
439 0.2140299677848816
440 0.21375519037246704
441 0.2134995013475418
442 0.21350891888141632
443 0.2135213166475296
444 0.21332421898841858
445 0.2134486883878708
446 0.21315018832683563
447 0.2129971832036972
448 0.21288669109344482
449 0.21249043941497803
450 0.21196870505809784
451 0.21190860867500305
452 0.21152684092521667
453 0.2114069014787674
454 0.21158155798912048
455 0.21145807206630707
456 0.21121156215667725
457 0.21162255108356476
458 0.21187494695186615
459 0.21170693635940552
460 0.211009219288826
461 0.21045738458633423
462 0.20965474843978882
463 0.20979247987270355
464 0.21016816794872284
465 0.21067273616790771
466 0.21003499627113342
467 0.20918746292591095
468 0.2091701626777649
469 0.20975804328918457
470 0.2099747359752655
471 0.2101759910583496
472 0.21023409068584442
473 0.20987559854984283
474 0.20970088243484497
475 0.2094871699810028
476 0.2092021405696869
477 0.2095690816640854
478 0.20940062403678894
479 0.20953448116779327
480 0.20948371291160583
481 0.20882095396518707
482 0.20885798335075378
483 0.20956121385097504
484 0.20901425182819366
485 0.20836105942726135
486 0.20868170261383057
487 0.20944668352603912
488 0.20909112691879272
489 0.2089153230190277
490 0.20877642929553986
491 0.2084740698337555
492 0.20848946273326874
493 0.20913489162921906
494 0.2083890289068222
495 0.2078849971294403
496 0.20874440670013428
497 0.20889145135879517
498 0.20865702629089355
499 0.20886456966400146
500 0.2086414247751236
501 0.20829340815544128
502 0.20920254290103912
503 0.2095300555229187
504 0.21020835638046265
505 0.20939895510673523
506 0.2080361545085907
507 0.20818927884101868
508 0.2086566835641861
509 0.20829489827156067
510 0.20813515782356262
511 0.2091234028339386
512 0.2091578096151352
513 0.2091885656118393
514 0.20895594358444214
515 0.2090216726064682
516 0.2093656361103058
517 0.20867879688739777
518 0.20883110165596008
519 0.20922937989234924
520 0.20912212133407593
521 0.20850911736488342
522 0.20854556560516357
523 0.20932303369045258
524 0.2093890905380249
525 0.20908965170383453
526 0.21002192795276642
527 0.21074017882347107
528 0.2104596048593521
529 0.2104438841342926
530 0.2104330062866211
531 0.20894216001033783
532 0.20875225961208344
533 0.21001775562763214
534 0.21138231456279755
535 0.2112315446138382
536 0.21032088994979858
537 0.21047787368297577
538 0.2102634161710739
539 0.21012650430202484
540 0.20968009531497955
541 0.210276797413826
542 0.2097780555486679
543 0.20939777791500092
544 0.21077904105186462
545 0.21107609570026398
546 0.21029986441135406
547 0.21055647730827332
548 0.21108552813529968
549 0.21007758378982544
550 0.2110472023487091
